[143686, 19953, 90657, 156901, 158790, 75654, 22736, 133783, 90128, 103000]
[108919, 4889, 8478, 27192, 116576, 170969, 58931, 91636, 22418]
[130518, 86323, 159325, 142152, 110000, 191484, 52256, 117232, 44678, 57526]
[113747, 106970, 176756, 179250, 147483, 137232, 51485, 142509, 176644, 110737]
[78217, 72948, 134189, 196735, 57633, 107676, 123862, 135188, 37664, 197216, 80500, 198374]
[78461, 153903, 185589, 169124, 123575, 104146, 161992, 203748, 26000, 191643, 96269]
[36467, 69227, 39321, 180503, 89306, 18157, 144731, 104296, 42811, 108812, 163887]
[171795, 111673, 122313, 73733, 161867, 172851, 40814, 84153, 195423]
[183251, 166468, 192503, 191581, 176774, 53796, 176065, 72970, 3988, 197930, 5734]
[104470, 108619, 143797, 35625, 114408, 39524, 76079, 2486, 12666, 189924]
[10344, 199172, 169349, 80701, 31592, 1939, 164595, 135862]
[15343, 10107, 134956, 200507, 2191, 39667, 45707, 187644, 117729, 96887]
[60451, 17245, 7256, 191557, 50513, 67406, 131039, 5852]
[33259, 51108, 29559, 194469, 43374, 8830, 169795, 99179, 58549, 52890]
[53307, 166196, 139533, 63862, 87403, 59494, 199726, 286, 162834, 30222, 184782, 150206]
[66157, 82536, 60634, 179625, 108734, 14542, 84434, 108019, 77154]
[150898, 42811, 75527, 106829, 176602, 30452, 113995, 13794, 99171, 107666]
[131062, 7099, 172534, 85180, 102073, 35874, 39431, 44659, 90287, 162777, 123434, 105851, 169356]
[134633, 22578, 85171, 52009, 124465, 11676, 116113, 58237, 154288, 61356, 116826]
[45521, 169940, 134367, 171019, 89081, 43836, 46108, 8220, 167313]
[119475, 13877, 165325, 143848, 190404, 121554, 181267, 81801, 14252]
[27837, 79140, 60903, 83952, 57394, 30698, 50008, 184155, 157902, 43153, 188182]
[52920, 28086, 65650, 83338, 94685, 2310, 39192, 96948, 49498, 59989, 113461, 57690]
[167098, 65536, 65998, 141986, 88099, 83785, 102659, 121004, 78301, 54937, 172771]
[29850, 192574, 42545, 199518, 153629, 147472, 19084, 171924, 67285]
[19106, 27103, 199343, 58277, 53541, 33642, 10693, 72176, 196736]
[203984, 96196, 201132, 172665, 83557, 192739, 17721, 75133, 166030]
[27891, 167450, 185562, 88812, 192637, 194705, 110558, 95796, 32337, 171555]
[179471, 96159, 75619, 32477, 162206, 182604, 140897, 90811, 34565, 138289, 184249]
[45863, 133598, 4097, 115740, 61278, 82992, 55615, 201420, 114330, 185085]
[201476, 54885, 55642, 104993, 116699, 98892, 139646, 134650, 161563, 15702, 52810, 64132]
[119008, 187217, 93499, 83181, 132999, 77714, 139229, 145916, 56862, 66640]
[132085, 193977, 60823, 60114, 188336, 54986, 63689, 64809]
[164452, 53867, 124107, 168849, 79856, 202387, 11083, 176908, 27921, 111351, 201058]
[37711, 2762, 71047, 193975, 151727, 184188, 158648, 168527, 88882, 104060, 158244, 151658]
[80858, 18006, 65191, 23763, 177458, 10434, 29161, 163296, 78422, 46606, 44993]
[99859, 177304, 203374, 83033, 39728, 142165, 120840, 42336, 29538]
[96219, 40469, 6216, 11126, 133483, 105761, 42747, 108017, 616, 23333, 133815]
[178294, 104184, 185069, 111756, 201780, 49259, 166014, 159630, 157501, 174043]
[186431, 82757, 51689, 27020, 190381, 65600, 192693, 71844, 193478, 4316, 169565]
[147802, 22136, 88569, 169581, 73360, 22516, 196677, 180595, 2344]
[149054, 69302, 147139, 139891, 142419, 172340, 34281, 118330, 190048, 175117, 54468]
[87923, 94393, 179307, 62070, 54778, 201612, 84603, 54171, 73602]
[159978, 63361, 56492, 808, 100676, 46959, 94916, 67752, 132153, 31339, 67158]
[152330, 194387, 182724, 6031, 62074, 117131, 127021, 157515, 159283, 47192, 29307]
[175827, 91715, 58972, 31074, 52051, 150878, 131483, 156063, 74457, 5818, 81784]
[106842, 135264, 141983, 190066, 141829, 131259, 9330, 187803, 111319]
[24098, 58366, 190709, 83683, 37609, 34440, 7757, 92840, 114858, 65471]
[162478, 513, 10312, 194767, 159039, 56214, 193837, 143154, 67654, 135200, 38715]
[57585, 16456, 199389, 167010, 141874, 31863, 67867, 81576, 65008, 4388]
[182695, 22654, 89858, 154741, 85233, 52574, 87238, 19730, 90984, 63135]
[170130, 127803, 65503, 52595, 40072, 100170, 42958, 6448, 75165, 71019]
[179867, 94765, 117180, 147728, 130227, 178473, 149076, 202695, 71434, 70440]
[166948, 84869, 200843, 91393, 21709, 89092, 176360, 137770, 40006, 7396, 187889, 187610, 59404]
[160348, 59916, 127753, 192593, 6938, 43106, 169734, 96493, 61915, 7707]
[9, 109354, 95137, 7132, 170259, 60147, 135884, 190342, 160507, 41123]
[47368, 12684, 109780, 89302, 107389, 78953, 9837, 34486, 79549, 168477, 93776]
[127778, 125511, 169950, 177451, 72641, 100312, 96106, 116205, 87311, 142464, 98398]
[11096, 180525, 20166, 201139, 144196, 15810, 73253, 144953, 74543, 119337]
[183005, 194020, 133309, 194547, 71285, 7256, 85488, 13239, 190297, 94536]
[47362, 117786, 63975, 166501, 5225, 121533, 88924, 67592, 78724, 129813]
[161108, 86392, 36917, 139320, 180320, 64983, 5342, 92003, 203371, 136652, 12248]
[188988, 80477, 16986, 11655, 43631, 168345, 173637, 55177, 121866, 63605]
[175032, 189764, 40237, 174217, 11263, 203287, 201766, 34552, 93090, 56330, 62691, 3990, 92289, 174711]
[31923, 167837, 110535, 80200, 11811, 148785, 16103, 84835, 129319, 15438]
[13571, 174214, 141730, 82767, 84290, 109535, 9198, 29777, 64309, 39822, 51354]
[80977, 119364, 33542, 121343, 101267, 156915, 135339, 77543, 3338]
[16928, 133891, 103630, 185340, 173928, 189103, 174187, 43538, 94120, 196995, 147208]
[203016, 91149, 201585, 49971, 191598, 141327, 199611, 198125, 174924]
[181995, 96639, 40503, 185176, 140417, 143124, 6289, 133691, 1021, 55203, 78096, 15546]
[141391, 141800, 14542, 147733, 174251, 58944, 73390, 147945]
[176951, 84956, 127875, 102311, 96568, 20137, 139572, 195092, 197043, 198328, 66546, 5325]
[8764, 111061, 147415, 112998, 85988, 87792, 8439, 180803, 92447, 185864]
[108513, 70769, 99518, 166093, 61555, 9572, 126968, 142512, 70628, 152843]
[52452, 98844, 15482, 130532, 88260, 145662, 199865, 159569, 38065, 89400]
[133172, 150925, 90682, 30294, 115799, 45728, 150018, 69980, 76600, 156467]
[194608, 195538, 84938, 26971, 93316, 108862, 154429, 75423, 15437, 198852]
[105746, 1822, 18855, 39663, 194333, 95497, 2357, 37972, 160368, 118727, 27891, 57661, 81151]
[78083, 164586, 121051, 135251, 43950, 128857, 71952, 145130, 21070]
[162259, 134134, 148360, 165333, 21459, 85164, 57913, 72453, 95136, 153506, 43792, 96804]
[110964, 53134, 178201, 87885, 162995, 33843, 173552, 27344, 192741, 76266, 68588]
[81814, 104682, 58642, 73067, 121674, 187266, 3590, 12513, 129180]
[36163, 39006, 63427, 100297, 132806, 157117, 14789, 192950, 197642]
[162871, 178753, 69435, 6126, 172128, 7578, 203374, 50488, 21805, 178939]
[392, 74936, 51898, 4025, 459, 118948, 143365, 158046, 31273, 66564]
[51381, 122378, 175202, 63415, 11607, 153590, 45524, 183633, 56595, 194035, 98797]
[73527, 174593, 18293, 94754, 27017, 203540, 190317, 99458, 107897, 125030, 62085]
[122115, 176903, 43406, 90443, 43230, 165674, 122180, 54527]
[155537, 56681, 52693, 102332, 11513, 119742, 66931, 63827, 138403]
[90050, 157201, 81570, 71242, 77069, 110757, 104581, 112906, 175345]
[69128, 83142, 129988, 187826, 55110, 171673, 66380, 102538, 40497, 107068, 37957, 57451]
[35108, 173721, 114170, 113869, 127939, 46806, 164390, 91361]
[141125, 113168, 71700, 41248, 26344, 147742, 3936, 175052, 175377]
[182463, 76930, 93205, 188041, 55679, 58116, 14484, 103271, 60779, 18990, 60315, 64650]
[52732, 123898, 200905, 199948, 164868, 121253, 94820, 109759, 89882, 11456, 91005]
[25515, 84710, 197487, 108367, 152651, 44363, 6837, 83338, 193243, 174901, 11764]
[88035, 85322, 181108, 183067, 96581, 26413, 15649, 87197]
[156257, 135763, 122030, 138227, 62582, 105222, 156766, 40539, 111061, 199816, 148673]
[145060, 120329, 48838, 113711, 23790, 101157, 133459, 165832, 11456, 63227, 115378]
[47744, 37826, 64468, 108848, 176358, 200194, 144370, 198232, 159463, 138837, 119481, 168758]
[143672, 66208, 62069, 80433, 72400, 21811, 122854, 83024, 147265, 197424]
[115756, 13186, 50493, 23384, 45467, 86589, 112121, 149317, 171259, 174203]
[186102, 2701, 196027, 140424, 7636, 47000, 169017, 158720, 75281, 105730]
[106236, 22749, 201372, 1621, 171, 58104, 35820, 186178, 116926, 36629]
[54953, 5180, 184035, 35065, 115067, 105590, 19968, 179359, 12016, 86631]
[11992, 17891, 26720, 148864, 161685, 179500, 42341, 194056]
[43420, 37974, 185674, 10649, 147516, 140061, 146546, 78526, 123766, 148337, 184662]
[135544, 184419, 128473, 82951, 24174, 84927, 85991, 48970, 142933, 3393, 73701, 78551]
[124407, 119444, 90113, 149215, 98095, 133682, 72798, 26165, 125514, 193531, 124480, 25175]
[31139, 199374, 145316, 78012, 83609, 188845, 185610, 178804, 167494, 76479, 52158]
[195344, 105091, 72245, 14334, 28744, 195786, 70313, 176942, 1065, 22739]
[41732, 166594, 111475, 143059, 14352, 62554, 78265, 42304, 67942]
[201795, 163489, 42952, 115003, 16645, 128834, 98381, 111631, 174066, 44226]
[48838, 118523, 7193, 130886, 187088, 90561, 145182, 115879, 20881, 64348]
[176243, 142598, 182241, 189880, 117498, 145982, 131727, 186289, 6662, 84803, 187203]
[120850, 53882, 12920, 113899, 70171, 14613, 100177, 125906, 6369]
[105950, 160913, 173553, 188160, 35446, 176896, 111849, 137160, 29773]
[203487, 120102, 17458, 60494, 164489, 67361, 189724, 5768, 148499, 85291, 71062, 53205]
[108684, 79662, 1469, 11911, 186614, 47089, 74397, 156982, 34501, 62299, 110034]
[68098, 139853, 180760, 184030, 95405, 130374, 16498, 131567, 144963, 184588, 137374, 1680]
[12021, 136034, 149246, 142126, 118955, 198181, 167390, 91800, 118290, 78356]
[155780, 149135, 90539, 162631, 199421, 208, 125377, 145426, 199889, 54114]
[157838, 141325, 19993, 30338, 197265, 18496, 76254, 199118, 66809, 59595, 72369]
[53304, 152429, 5162, 192119, 95892, 147465, 166987, 151764, 131119, 2667, 127974]
[159970, 38789, 186299, 142729, 192600, 34688, 134609, 190931, 63996, 32768, 200105]
[48777, 8707, 42079, 94743, 199110, 58252, 130519, 57505, 30690, 61608, 2064]
[32194, 146528, 78221, 194895, 160693, 112865, 98919, 193751, 113413, 65435, 111415]
[137516, 39944, 19030, 176515, 32290, 149942, 58147, 44417, 62860, 124551, 163315]
[27030, 33038, 119382, 40545, 191494, 68390, 107128, 57554, 13568]
[105935, 132899, 145550, 20290, 22313, 136143, 60618, 143442, 69281, 44931]
[174545, 90646, 39372, 2978, 74955, 195212, 41855, 1627, 191398, 142098]
[201798, 194225, 50980, 47985, 66591, 37288, 98316, 155716, 109786, 150408, 38618]
[140905, 75181, 203537, 51928, 94917, 68778, 171778, 107266, 99628, 109232, 137511, 105693]
[190530, 143480, 140674, 83110, 81145, 203000, 154185, 188274, 182799, 39465, 81529, 118613]
[95912, 87838, 177122, 94167, 13195, 129888, 130211, 37861, 91623]
[89816, 74152, 191712, 34085, 193280, 84751, 41924, 77206, 32487]
[69238, 87956, 174959, 15712, 25502, 19700, 120900, 34030, 187429]
[94436, 132449, 37339, 158511, 72484, 137954, 170378, 146397, 53199, 151273, 187006]
[173337, 133966, 116071, 15130, 81735, 189658, 69488, 80685, 34896, 156202, 130039]
[116791, 44583, 100268, 138263, 152191, 40790, 69094, 99267, 178558, 106874, 9925]
[117302, 8106, 87236, 97166, 129233, 99784, 6390, 115741, 25291, 163428, 147096]
[178959, 148238, 88412, 154817, 79931, 178746, 185826, 100807, 19699, 12139, 131430]
[188819, 158590, 73162, 80164, 109766, 20415, 119391, 186329, 163967, 4160, 119380]
[130477, 167525, 55466, 148521, 176980, 133976, 39056, 83875, 55196, 11101]
[26611, 119225, 112512, 24198, 38138, 87966, 38697, 130865, 52339, 49551, 17146, 194393, 21475]
[153352, 180035, 192312, 96137, 158603, 7277, 152278, 128762, 88798, 152968, 148289, 177782]
[39613, 8481, 203867, 69124, 54751, 4305, 1682, 31768, 161940, 174570, 201055]
[200500, 152163, 56269, 118188, 34439, 20270, 139727, 165473, 53133]
[161571, 49205, 126641, 25469, 152813, 18082, 53544, 73869, 105099, 147514]
[135449, 136263, 195918, 13342, 139908, 101145, 77539, 124277, 173382]
[119946, 95026, 155973, 177985, 64406, 195041, 144571, 136721, 95653, 22281, 177059]
[58540, 111186, 15062, 124151, 141703, 52885, 104259, 86995, 67663, 186610]
[190930, 41369, 34157, 13744, 196094, 87880, 123124, 177413, 177832, 140501, 175691]
[95402, 130948, 119638, 157557, 30355, 32374, 146313, 69457, 140961]
[104289, 51458, 51029, 114587, 178065, 136323, 15298, 88282, 190412, 47125, 29977]
[88980, 19987, 79690, 115646, 103418, 102458, 51828, 197984, 193054]
[178655, 174198, 150975, 175036, 9124, 149437, 3459, 107745, 133595, 128822, 186329, 164638]
[39329, 48681, 72465, 145603, 141127, 200460, 43578, 47601, 169170, 151419]
[172099, 58157, 32839, 79370, 146711, 93107, 147292, 196843, 87365, 194717]
[16002, 133077, 143767, 97264, 99593, 134455, 112920, 158918, 195313]
[49907, 182915, 152254, 200841, 109873, 14229, 75051, 54150, 60951, 87760, 22941, 160141, 137726]
[161228, 28500, 169430, 36921, 149181, 116751, 123192, 80966, 26920, 41443, 45013]
[86124, 119593, 45343, 203694, 35686, 99618, 195528, 164784, 128405, 86685, 49745, 138107]
[33649, 18466, 179925, 81679, 97491, 179648, 75129, 200759, 66811, 70188]
[175784, 142257, 37964, 84628, 28421, 198048, 30789, 137362, 181783, 46986]
[100015, 203979, 201830, 20903, 115209, 137176, 83634, 194454, 78429, 8004, 201380, 65235, 84575, 55393]
[171123, 166844, 86838, 152041, 63246, 24486, 64923, 158164, 134178, 89094, 128122]
[153031, 28225, 93106, 31495, 134502, 55094, 67669, 15984, 53457, 48202, 181844, 140828, 144944, 173696]
[33192, 67259, 55031, 13173, 2078, 36736, 158933, 25410, 53272, 22679, 167428]
[102761, 149742, 42487, 44978, 199291, 63533, 91144, 164750, 20151, 54504, 129187]
[34139, 26640, 132703, 187977, 106436, 102181, 201315, 166377, 20223]
[71229, 92547, 44974, 162533, 45612, 98647, 185159, 199586, 53813, 13986, 190908]
[44200, 20056, 118270, 55084, 138559, 84694, 76355, 132996, 138317, 42306, 49922, 20553, 174721]
[128943, 4702, 18221, 158584, 97444, 65203, 73035, 144908]
[78177, 185087, 33200, 131250, 194901, 169329, 203747, 155467, 1000, 70051]
[132923, 90785, 79863, 146053, 129325, 6041, 68161, 168024, 103829, 188388, 31823, 70896, 181483]
[87735, 60200, 54574, 172739, 3582, 35116, 70025, 10850, 21721]
[195239, 16363, 93750, 47597, 53756, 70646, 163373, 94275, 30653, 187478, 27077, 145383, 54310]
[79642, 90261, 107387, 130784, 103975, 59227, 5035, 54230, 178021, 17828, 5585, 143662, 145993, 143264]
[93233, 104785, 28995, 58766, 180839, 39340, 184440, 140689, 25791, 47689, 181602]
[60848, 126160, 187128, 163207, 166716, 162707, 15176, 33576, 81193, 21846, 12010]
[189496, 54906, 27613, 55071, 197055, 158382, 77797, 41233, 151548, 14510]
[175964, 161362, 82941, 3008, 103967, 87267, 5451, 40840, 99105]
[56433, 174249, 106578, 181803, 22185, 59037, 80922, 19640, 182300, 134814, 176156]
[189021, 57466, 193074, 91147, 185078, 49109, 2850, 106045, 140201, 101330]
[184282, 113250, 145370, 99621, 203458, 156492, 24139, 154474, 182963, 109622, 74692]
[36727, 24608, 138439, 65638, 112064, 68065, 93637, 78430, 180274, 46932]
[75282, 12588, 157411, 141468, 88288, 172709, 112019, 594, 194858, 39419, 23598]
[150479, 50992, 142506, 110878, 130347, 171803, 34762, 160951, 140463, 20392]
[38190, 38523, 86351, 15873, 148463, 155175, 162984, 100033, 27425, 95267]
[152111, 140753, 21617, 62122, 73682, 42199, 124423, 192944, 201464]
[110700, 162566, 7894, 151957, 69151, 127222, 99781, 17979, 40484, 45457, 123371, 67392]
[24738, 32719, 109161, 98929, 64158, 199876, 120093, 107633, 187281, 94128]
[95478, 63394, 48110, 104898, 201309, 123272, 18238, 107300, 124995]
[172435, 192823, 17935, 148444, 50448, 83828, 160091, 105331, 11656, 194566]
[140167, 120251, 13981, 177107, 84761, 86153, 169498, 192426, 127045, 107126]
[168299, 198025, 172315, 83655, 112739, 191379, 187895, 131940, 62181, 107766]
[164672, 87231, 126158, 179753, 72384, 57001, 27734, 137545, 192769, 142483, 41159]
[86001, 152707, 86385, 115612, 66116, 77115, 81610, 94926, 66316, 137615]
[45187, 42298, 136783, 116967, 141581, 191611, 146223, 61916, 120673, 94700]
[161806, 138305, 128035, 32283, 184942, 98039, 140902, 166418]
[176496, 200635, 59254, 28792, 19476, 135936, 60239, 15884, 54830, 93018, 22644, 3589, 88166]
[158414, 53027, 50941, 88121, 40274, 138516, 67674, 199566, 1768]
[187305, 96386, 26223, 32200, 26888, 143958, 185288, 57071, 116471]
[116596, 34568, 159680, 110414, 77182, 119038, 179523, 37559, 61561, 170382, 132870]
[197923, 84891, 148365, 7757, 140255, 184449, 133296, 133745, 100064, 103790, 11479]
[178207, 77129, 195416, 18973, 29357, 200215, 53083, 30814, 19927, 167329]
[105631, 21340, 174805, 72846, 173067, 16202, 52831, 147244, 50246]
[113229, 144150, 124382, 155843, 129506, 92302, 92339, 34874, 77488, 203829]
[64529, 102147, 144950, 143625, 42793, 136150, 117255, 105565, 88205, 149301, 155030, 14174, 128036]
[150442, 193193, 159204, 43839, 153392, 96941, 153836, 37815, 17062, 188997]
[99030, 9497, 143887, 69798, 21022, 171261, 124439, 149073, 18545, 26877, 34021]
[49548, 113392, 22485, 139593, 63682, 55932, 117324, 186804, 16182, 41666, 54566]
[144969, 1935, 203334, 190129, 50926, 12891, 171815, 188643, 104169]
[66761, 189994, 131887, 117299, 76319, 165090, 74366, 177050, 172748, 111831]
[139523, 150232, 81385, 54617, 95550, 129577, 92650, 181418, 23769, 52602]
[166354, 100305, 84271, 119381, 95833, 125394, 176472, 97351, 163191, 82683, 78002]
[108011, 118939, 151109, 17096, 67746, 195649, 157925, 168318, 110422, 178785, 73546]
[170131, 124026, 40218, 83200, 18694, 127397, 21267, 102299, 81982, 42830, 179384]
[25385, 101355, 12424, 6114, 106524, 137715, 173471, 154321, 7498]
[55143, 105175, 90690, 131295, 7272, 36884, 34336, 176409, 138398]
[37112, 197092, 65113, 57971, 48421, 198708, 176048, 56122, 203159]
[8200, 24056, 119473, 135662, 142482, 61676, 147369, 142640]
[190176, 39549, 173384, 174881, 154166, 4693, 9757, 201655, 61858, 199648]
[98783, 163704, 104234, 28063, 64712, 101537, 108740, 71867, 161455, 185391]
[55957, 176179, 54825, 120775, 7053, 135594, 193645, 84057, 75068]
[65204, 142636, 7267, 195176, 139974, 156653, 5831, 185093, 120699]
[159467, 52594, 82055, 81244, 79149, 4572, 143997, 3462, 111567]
[166637, 89713, 27726, 200484, 93766, 63627, 4688, 84172, 26138, 124234, 203700]
[18897, 115446, 154051, 42887, 127164, 135883, 124389, 151469, 75909]
[29787, 18505, 47535, 159146, 150547, 194145, 143130, 63228, 13103]
[120314, 70134, 147490, 109438, 186064, 42235, 66386, 113637, 187413, 43758]
[54839, 198640, 190180, 55071, 100643, 69266, 149594, 16465, 21193, 31629]
[150098, 166914, 18991, 42844, 121311, 57281, 4191, 133413, 198248, 185996]
[70354, 126584, 178499, 128289, 83096, 49436, 11048, 197021, 155862, 191633]
[47335, 177524, 104214, 130411, 185215, 99233, 186392, 153305, 164419, 175087, 181358]
[34188, 23819, 179977, 48735, 151878, 186847, 61764, 137172, 20046]
[119998, 114290, 24017, 70207, 156440, 124267, 11623, 33317, 74296]
[61355, 90816, 174540, 28366, 123264, 49455, 154529, 147533, 159725, 74068]
[100439, 66994, 82503, 136512, 179888, 4086, 96545, 103794, 185788, 102643]
[61666, 83592, 140760, 113299, 197634, 32708, 153911, 156423, 144047]
[115309, 129037, 51913, 67307, 39813, 16161, 171526, 80043, 92804]
[117822, 184112, 8851, 118577, 169231, 133829, 93151, 13397, 94912]
[135880, 74862, 141042, 172252, 108961, 91196, 22753, 64354, 95093, 170205]
[162026, 151272, 182607, 176179, 63532, 70321, 36782, 30312, 108663]
[143270, 94463, 95884, 103900, 42492, 18293, 86674, 93240, 99394, 202616, 170488]
[13561, 127540, 190573, 111493, 173361, 93760, 182887, 93431, 25649, 41551]
[185205, 124526, 26199, 109867, 196186, 9700, 31609, 66189, 157642, 110068, 72193]
[67207, 91226, 12440, 101032, 10458, 148481, 8808, 158820, 80584, 200686, 109864, 118921]
[34097, 44927, 24826, 186617, 158919, 158149, 25256, 75058, 173934]
[138931, 159086, 98327, 31393, 79580, 55615, 119214, 13629, 165990, 171827, 22743, 55340]
[187784, 20534, 122322, 106186, 184475, 83424, 100626, 81408, 44402, 181435, 94372, 28560, 181746]
[155074, 199302, 171000, 51871, 184797, 5064, 111273, 191251, 191502]
[198143, 150517, 162632, 159112, 100924, 157780, 7503, 2528, 168547, 196454]
[56601, 130574, 188014, 91906, 172973, 189938, 175122, 7447, 38085, 170348]
[167190, 24059, 14412, 139503, 112117, 37135, 37319, 30210, 90611, 202313, 93018]
[153099, 112218, 172990, 115442, 198975, 193929, 39148, 148023, 58725, 32455, 180610]
[66583, 34615, 72610, 196075, 146216, 114492, 104250, 50952, 197533, 171122, 57400, 8477]
[572, 175948, 3767, 51186, 43190, 164460, 202268, 187409, 154556, 128347, 37756]
[109570, 128377, 6398, 38047, 27347, 74722, 164440, 189961, 11763, 200640, 12266, 144257, 123733]
[139460, 67449, 6930, 35681, 44532, 203025, 89167, 144148, 175871]
[105704, 74291, 19980, 188526, 146299, 132053, 27525, 5970, 56624, 149613, 85428, 157754, 63971]
[40266, 135181, 193293, 159142, 137658, 29107, 69473, 43087, 10310, 34508, 195338]
[164829, 79095, 34951, 136126, 113049, 63612, 119434, 147815, 171563, 15298, 190552]
[144995, 172356, 59940, 185353, 39566, 113296, 189687, 52416, 92458, 140816]
[52645, 86681, 157182, 58365, 173706, 62102, 140146, 62422, 150958, 92672, 164197]
[47576, 199265, 188800, 182256, 58018, 42172, 152993, 150787, 74835, 146798, 50177, 111491]
[144343, 86673, 146771, 26004, 199630, 173430, 52200, 135562, 186626, 49620, 32594]
[159465, 101774, 174075, 172228, 9284, 151053, 176629, 47968, 130971, 102702]
[163753, 64942, 21123, 191191, 196528, 7208, 160107, 124965, 108728]
[65415, 135009, 3450, 58153, 30733, 97991, 127332, 127256, 87726]
[53899, 116881, 142869, 110181, 24189, 132995, 99279, 97990, 82440, 150762]
[105220, 81193, 71137, 36243, 25767, 169795, 52132, 117896, 60003]
[1981, 56016, 167276, 90348, 16279, 68735, 4551, 15882]
[157322, 158998, 187497, 192651, 187005, 6755, 92667, 170217, 182315, 94070, 165110]
[180162, 142292, 170106, 112960, 151343, 166761, 138461, 77888, 96650, 46611, 145369, 82267]
[44328, 57830, 85270, 56461, 113916, 5565, 11272, 140218, 79715, 57161]
[87279, 182672, 79708, 32472, 92372, 32501, 35401, 175652, 40876, 108017]
[116368, 51220, 44748, 159128, 142329, 83664, 41606, 100805, 6086, 93962]
[129376, 65914, 193644, 173339, 36084, 100051, 112738, 174984, 181673, 133452, 49154]
[17428, 23660, 16869, 106257, 184943, 164130, 158714, 119590, 150414]
[36869, 43399, 31933, 60696, 19269, 143435, 109923, 86183, 195203, 101634]
[179952, 180502, 193124, 84904, 203048, 100230, 109799, 107383, 58080, 139528]
[194490, 21105, 22411, 183102, 147987, 146234, 149267, 37175, 95257]
[11218, 197163, 400, 132383, 46878, 58496, 106553, 185366, 180122]
[13152, 22202, 55295, 192505, 150850, 57703, 102767, 154572, 153011, 120180, 67299, 108560]
[53681, 27010, 139526, 189223, 74778, 49302, 146606, 18496]
[100771, 49144, 150665, 69407, 72091, 89214, 930, 118535, 199645, 108397]
[100353, 105890, 113813, 114403, 122553, 47497, 170559, 198254, 75082, 102928]
[195271, 171911, 191163, 171865, 73080, 118954, 201807, 145024, 43443, 165627]
[127823, 186905, 139814, 199545, 67141, 105020, 34570, 156580, 134599]
[46289, 74837, 72034, 74390, 58256, 161174, 167754, 46882, 192672]
[41436, 159975, 69289, 48149, 124628, 22707, 152140, 55209, 19227]
[166406, 110064, 67025, 120985, 202947, 156849, 166898, 196714, 15479, 167705, 5871, 23125]
[201870, 167317, 78942, 45428, 81374, 119644, 156129, 153015, 125897]
[151977, 196849, 22801, 142836, 189916, 201772, 63132, 126608, 189769, 4133]
[87241, 46865, 50232, 128439, 49973, 65155, 163078, 17320, 70531, 54001, 91878, 44669]
[55590, 23976, 186051, 158493, 84404, 178421, 74123, 188246, 137656, 117841]
[134325, 93327, 78508, 95824, 102311, 96549, 44659, 158700, 156539, 138438]
[152823, 18460, 93871, 136475, 56022, 44099, 100128, 180412, 73623, 176374, 123573]
[35749, 27604, 199528, 89942, 86446, 94383, 150064, 174144, 175610]
[132963, 108429, 179354, 108411, 11526, 110365, 203038, 201931, 63087, 110168, 177369, 126229]
[30955, 197937, 142524, 111615, 14702, 191178, 144375, 62124, 18657, 89195, 87333]
[159201, 64905, 97514, 15032, 94067, 145636, 195155, 39359, 162688, 100476]
[161636, 116083, 161506, 140242, 119744, 34828, 95233, 3163, 40936]
[121944, 7113, 172520, 98095, 89968, 20496, 45573, 72167, 2244, 40084]
[195424, 135473, 8483, 9009, 22707, 50560, 74909, 102847, 108435, 76868, 172781, 146966]
[20407, 194651, 185939, 138267, 25985, 126125, 85325, 95149, 198318]
[17189, 126020, 20724, 15454, 95049, 180394, 111866, 120617, 8562, 90259]
[124246, 162556, 42161, 195306, 180133, 39699, 60439, 143795, 87260, 183965, 186479, 135016]
[178852, 198763, 79462, 20906, 76236, 60743, 179480, 160000, 33990, 108695, 3894]
[157996, 157765, 23970, 138365, 184593, 9704, 45961, 77555, 57359, 137335]
[181315, 52535, 60463, 193548, 35925, 47274, 160955, 45055, 164438, 108820, 28492]
[111950, 125861, 92773, 148374, 110709, 93336, 27932, 19842, 184685, 42128, 181833]
[51980, 88882, 38437, 38002, 179654, 101231, 161803, 202350, 166475, 53580, 39693]
[91998, 160765, 128234, 2656, 70999, 53839, 198136, 136566, 12657, 64268]
[63013, 156858, 148030, 475, 94042, 152514, 151888, 68608]
[28745, 31886, 129775, 109818, 134818, 28499, 177686, 169215, 85160]
[79942, 24491, 115661, 37289, 118497, 113777, 13136, 52746, 167950, 174022]
[6404, 4194, 158264, 69759, 132576, 70110, 121731, 128027, 127004, 63513, 48593, 137101, 23029]
[92131, 122471, 74487, 39492, 21221, 148197, 48229, 56115, 128080, 121292, 81575, 145102]
[178334, 84828, 46399, 10745, 63947, 89097, 2760, 150233, 196901, 8556]
[53579, 99979, 34101, 77905, 116259, 193979, 180546, 157524, 79306]
[72989, 91897, 203151, 34921, 73111, 175355, 67454, 144305, 5833]
[71320, 104135, 20738, 21870, 41472, 68539, 196081, 189199, 92581, 150856, 60598]
[52340, 91975, 181620, 176998, 71245, 124984, 196837, 47182, 71008]
[199385, 134143, 16927, 98954, 18991, 14208, 9264, 202175, 153060, 55291, 71405]
[199507, 200376, 157546, 129756, 147631, 108313, 12313, 132345, 1125, 26410]
[173979, 134312, 127383, 31239, 170569, 96961, 29341, 112639, 139758]
[159589, 202678, 27523, 36148, 31309, 17060, 93747, 93207, 26124, 201207, 137662]
[53740, 20779, 88454, 39652, 27731, 159505, 161182, 93723, 101253, 201384, 67955, 63269, 19091]
[203108, 57921, 78327, 49369, 35388, 175750, 90622, 136682, 123789, 170794]
[11373, 130724, 82802, 198273, 200247, 174153, 198252, 139483, 64449]
[38370, 96117, 106662, 153247, 100227, 166947, 118082, 109427, 2067, 197604]
[77710, 60027, 185926, 200163, 93430, 152630, 145577, 122522, 154009]
[39839, 198033, 69703, 189715, 872, 128442, 52941, 92198, 116661, 60629, 162572, 178236, 68768]
[23201, 157017, 96215, 198117, 25594, 187973, 117303, 131747, 17654, 203206, 191081]
[132380, 134306, 144005, 200960, 122290, 51167, 187020, 124440, 174941]
[113951, 65111, 94691, 22570, 144291, 203356, 123386, 160009, 68410, 68205, 92743]
[164546, 187462, 110254, 65393, 14183, 82929, 122854, 5639, 185188]
[27422, 4329, 167310, 198567, 134703, 68715, 176250, 36671, 177306, 119309]
[41602, 54410, 118967, 149882, 104914, 113385, 123021, 119102, 104921, 124759]
[159934, 65514, 200691, 143099, 124232, 203865, 194830, 110888, 95566, 27366, 200122]
[54251, 72924, 168924, 41568, 126675, 136668, 42418, 30957, 148529, 183674, 27172, 112942]
[45157, 127908, 68035, 46796, 59777, 161223, 113155, 111784]
[41991, 47180, 140501, 43717, 104507, 74516, 97866, 31436, 78350]
[18995, 107693, 136634, 1295, 63966, 170773, 53014, 26214, 34139, 16974, 417]
[48092, 28787, 116723, 82737, 15740, 1716, 192239, 55919, 62604]
[51047, 14537, 37140, 7055, 176817, 54733, 152365, 122848, 42457, 121020, 58765]
[135124, 78781, 166558, 142555, 47666, 163525, 146392, 158210]
[157456, 34564, 14829, 79818, 195220, 134400, 141201, 198878, 126781]
[100324, 43104, 157901, 56402, 72395, 28646, 80887, 125745, 191979, 177848]
[148856, 174451, 117159, 76054, 165708, 180295, 163739, 118287, 197186, 108154]
[83850, 10290, 67783, 136935, 114097, 121052, 57112, 176633, 46473, 1518, 201764]
[19685, 68591, 84057, 51347, 161121, 93221, 136260, 171632, 134931]
[56595, 184668, 72687, 81281, 51399, 46729, 153441, 25697, 174415, 114408, 13644, 154852]
[115935, 41831, 152134, 92637, 151361, 76621, 105245, 42562, 182669, 127475, 195000]
[194872, 186744, 130154, 192251, 24805, 60341, 124717, 69070, 67884, 144856]
[148835, 125294, 33797, 112512, 177908, 100379, 46031, 33349, 109041, 7908]
[192722, 8442, 106178, 35533, 135330, 40047, 149163, 155053]
[101982, 110932, 91949, 48215, 189284, 170966, 60270, 83662, 57028, 1614, 35251]
[150269, 146910, 202173, 152618, 179038, 23470, 1976, 14623, 156834, 178274, 68065]
[5911, 53177, 22959, 104691, 142580, 81135, 146821, 37996, 181497, 172896, 130497]
[164304, 196683, 122420, 134814, 170053, 163417, 112585, 29118, 109892, 109111, 187698, 121682]
[43011, 181122, 71391, 108164, 66352, 69465, 98732, 17517, 193719, 105874]
[61745, 198804, 49995, 155114, 145362, 33439, 171860, 201178, 81366, 117654, 125947, 38612]
[145321, 29740, 33515, 82960, 31430, 101953, 184999, 182536, 135970, 90395, 40585, 17036]
[102364, 191262, 20739, 157820, 91404, 171107, 77071, 156522, 73069, 38127, 82142]
[114336, 15636, 153749, 55358, 79040, 80576, 5556, 194770]
[123739, 42475, 171290, 192817, 95542, 193239, 142710, 184040, 139606]
[168441, 155168, 123950, 44694, 23655, 148077, 3093, 76950, 168827, 70487, 92555]
[81215, 83029, 121574, 19399, 182402, 43908, 171343, 70923, 119667, 109000, 184027, 176134, 200145]
[92908, 74035, 23763, 166514, 151605, 145993, 21912, 95089, 89941, 81344]
[133719, 82438, 174358, 129235, 3878, 85852, 201339, 30448, 83716, 113794, 144382]
[8541, 119075, 177148, 17198, 62922, 13460, 117800, 104128, 130778, 161351, 16428]
[44532, 191312, 33913, 203279, 189756, 129632, 127776, 94987, 147931]
[82322, 87677, 34689, 83288, 56593, 173211, 97546, 62003, 49108, 8275, 132818, 109363, 176063]
[156074, 88369, 125529, 15251, 74726, 172629, 82055, 152219, 20289]
[39269, 103087, 55115, 66909, 172638, 114859, 23905, 86475, 13762, 74660]
[156006, 25107, 180363, 96979, 135605, 80984, 38509, 111269, 19752, 129633]
[99825, 126197, 148055, 68845, 147051, 37116, 67412, 108465, 152737]
[126640, 150519, 78973, 164841, 92556, 52004, 7932, 52984, 73283]
[84840, 120741, 86117, 190127, 203249, 48910, 160975, 129345, 120986, 176185, 84265]
[41905, 83805, 138380, 132164, 90284, 109006, 41848, 145705]
[203512, 161734, 41074, 114462, 5520, 185549, 40733, 177102, 82716]
[53616, 112853, 73820, 130760, 104835, 25817, 25611, 147902, 68992, 189466]
[104133, 111989, 94887, 131668, 135508, 197755, 203846, 48854, 48479, 175736]
[14342, 68137, 9571, 39127, 71497, 168167, 102246, 75031, 92925, 80045, 63613]
[58065, 121033, 46093, 66, 102275, 119203, 97024, 154961, 170685]
[26237, 4468, 96065, 196808, 132562, 158639, 190204, 43041, 182597, 120843]
[77781, 128609, 27330, 68557, 137565, 187135, 38327, 16769, 178521, 199289, 86203]
[112150, 173236, 74854, 46290, 124782, 196417, 103521, 19196, 173043]
[63866, 34225, 29896, 47529, 48881, 142726, 144686, 70146, 46558, 187081, 48433]
[198427, 64164, 100378, 178736, 90703, 18512, 96667, 126084]
[89958, 167823, 16939, 184379, 131601, 145619, 99061, 13551, 50410, 15358]
[882, 16640, 31095, 23946, 137355, 133706, 88250, 16599, 73451, 147060, 171287, 159274, 116389, 157949, 159279, 6187]
[169375, 26091, 202395, 107819, 36433, 51010, 187437, 109175, 100835, 78887, 99138]
[11023, 202815, 39133, 146008, 179208, 36553, 50534, 32275, 152544, 169881, 106886]
[6460, 49024, 157123, 55783, 193459, 160450, 156392, 131480, 63408, 120004]
[3214, 87876, 113328, 1806, 23437, 51651, 186327, 14073, 188712, 190747, 84565]
[104622, 34526, 177321, 32466, 110546, 111970, 144349, 170795, 25570, 139342, 198012]
[1242, 172628, 200861, 150356, 70110, 188577, 20852, 191057]
[164553, 120564, 110046, 171962, 145089, 135996, 19603, 136858, 89527, 160498]
[190739, 60626, 189901, 73335, 68747, 3883, 65034, 103668, 50568, 38712, 149595]
[77079, 79583, 193581, 182895, 52840, 19956, 175, 63396, 196961, 92405]
[17607, 22064, 13814, 4107, 102122, 47535, 149662, 26526, 144356, 125086, 199191]
[191422, 135213, 10739, 51465, 109558, 49516, 106648, 4273, 70466, 22171, 171782]
[140002, 121099, 68894, 37079, 31856, 58434, 111254, 78529, 62481, 93155, 140448]
[29829, 10687, 88959, 78379, 15695, 5203, 4890, 2314, 55118, 69733, 179602, 130097]
[56089, 38659, 92193, 183854, 27001, 124074, 161983, 168466, 188631]
[150095, 61037, 184165, 17127, 144456, 119272, 202725, 13250, 80836]
[158568, 172534, 146598, 163520, 115439, 39300, 135561, 169421, 121946, 106559, 71399]
[75223, 15933, 51532, 38424, 3482, 165607, 58059, 118677, 170349]
[118243, 52776, 40306, 184131, 149165, 133272, 22408, 139902, 8248, 72121]
[7108, 186767, 183518, 6014, 128073, 51111, 4288, 26061, 186590, 79762, 173216, 76000]
[186731, 919, 81294, 116530, 165166, 133599, 199778, 103068, 184779, 136056]
[203567, 25424, 87511, 129205, 172382, 27828, 162560, 203011, 67060]
[76408, 62167, 131749, 187191, 109845, 106505, 90035, 3351, 17604, 21938, 196866]
[43918, 81941, 155102, 199380, 13805, 171347, 22938, 175529, 153431, 8247, 128455]
[85206, 134470, 113578, 107027, 180135, 166077, 41197, 73036, 189440, 67439, 174047, 48541]
[108316, 111862, 198591, 136039, 146008, 184251, 86038, 56528]
[186898, 202150, 39553, 50936, 82548, 136993, 147036, 82524, 23640, 54960]
[59858, 23849, 11366, 127186, 125838, 189409, 115253, 169943, 146043]
[318, 195720, 130132, 10799, 41720, 141155, 119505, 43929, 182079]
[111754, 123216, 133212, 1757, 86080, 56422, 41966, 22050, 31054]
[194992, 63736, 47607, 162373, 162898, 101032, 99474, 84781, 117805, 138029, 31766, 168021]
[85775, 28624, 79228, 70801, 155689, 64917, 79703, 100302, 98663, 123921, 28573]
[9913, 82402, 40115, 15457, 45187, 47864, 61233, 103478, 49599, 186564, 19858, 135083]
[167054, 103104, 65544, 24751, 24049, 125827, 202096, 126587, 199791]
[115834, 158748, 50581, 185055, 198587, 162279, 9937, 184554, 25984, 9259, 197007, 99534]
[162681, 161068, 28231, 128161, 165577, 166011, 33075, 83947, 57880]
[97718, 116853, 128688, 9304, 117626, 88032, 200373, 121306, 111764, 133384, 190278, 58803]
[75291, 163012, 90340, 180914, 174384, 17296, 193108, 134467, 103568]
[64823, 70857, 146786, 134729, 140387, 57284, 9091, 56435, 90306, 37575]
[157794, 101060, 9096, 16295, 133198, 146515, 69057, 57302, 189537, 11243]
[194776, 14218, 87014, 12017, 96093, 53501, 97086, 127525, 31155, 127830]
[35594, 66000, 94042, 201387, 139961, 74928, 132681, 82835, 88290, 186079, 5555, 132340]
[138751, 65707, 69705, 25910, 68893, 43372, 33225, 19743, 139160]
[83520, 78049, 150064, 98719, 76072, 173164, 154882, 3089, 131303, 187660, 18197, 176211]
[23613, 64118, 137000, 124651, 18003, 120048, 114488, 35525, 151019, 95809]
[94568, 164510, 30733, 131854, 177299, 58709, 140959, 9749, 58600]
[164942, 1247, 70446, 38884, 39537, 112278, 198315, 184718, 5022, 94888, 77813]
[82024, 58901, 11372, 107972, 162714, 101965, 162503, 77652, 60493]
[11819, 163685, 34269, 143149, 137263, 146394, 129990, 99904, 192899, 154952, 92372]
[36166, 27896, 22316, 94399, 115270, 100583, 39252, 68952, 189895, 192462]
[149018, 14925, 191563, 155971, 138720, 106748, 112357, 104129, 25025, 122176]
[13333, 79110, 49797, 84470, 24245, 128759, 97118, 17602, 197698, 3747, 68347]
[31332, 49302, 106019, 131858, 46131, 81083, 183428, 22915, 104243, 167978, 191371]
[161928, 105427, 32465, 17450, 92797, 162065, 8256, 139957, 49990]
[19100, 122804, 4427, 159708, 173439, 183936, 18977, 158762, 64052, 110458]
[193431, 102313, 144468, 148489, 157473, 785, 115163, 10429, 170180, 130309, 149572]
[6548, 181167, 140715, 104762, 92886, 79517, 122154, 187828, 34749, 148997]
[70640, 161105, 49680, 6404, 28421, 195575, 5049, 22088, 3853, 148511]
[96059, 9886, 7414, 175397, 50985, 40655, 60440, 7934, 169542, 52380]
[20640, 177072, 198849, 29535, 103259, 163947, 51909, 2107, 9963, 139548, 192343, 164259]
[146267, 122060, 168492, 132702, 185864, 20697, 146165, 113182, 38596, 191754]
[170594, 196214, 82825, 181175, 146092, 6278, 40321, 81342, 34452]
[74451, 126206, 35523, 139773, 27415, 179749, 71964, 181861, 176214]
[61741, 62717, 69352, 40441, 27812, 89163, 176875, 48655, 43736, 204035]
[99220, 112761, 101445, 181957, 20055, 152040, 58190, 186292, 165378, 109443, 91099]
[55320, 128771, 71981, 182433, 24852, 56907, 81399, 143161, 167475, 91230, 201997, 115959]
[196762, 159979, 159139, 129843, 77776, 187822, 42093, 136923, 123150, 48957]
[61926, 203795, 172367, 12912, 101481, 127754, 9515, 31873, 128415, 68120]
[114873, 54415, 55066, 11164, 116516, 139797, 42090, 119962, 48620, 115214, 138587, 203888, 95368, 180531]
[81891, 87745, 132777, 58070, 97218, 111746, 136653, 27545, 189660, 14550]
[55024, 179797, 95742, 134010, 4688, 89843, 127301, 132462, 38789, 107543, 138822, 13605]
[75881, 181410, 184529, 160668, 191519, 122199, 112609, 36943, 137244]
[120770, 86202, 32631, 109707, 126470, 62583, 98384, 155470, 7728, 193619, 71853]
[24570, 44435, 99312, 159241, 16785, 197187, 78024, 152897]
[17013, 35164, 67651, 9835, 161500, 77788, 195017, 128640, 84292, 43152, 94004]
[24069, 91308, 198962, 65023, 143454, 67813, 104198, 147444, 129942, 190023]
[193752, 59336, 152017, 18945, 67177, 10554, 40748, 144648, 158756]
[104084, 19121, 136363, 144317, 14999, 41194, 32802, 159372, 54451, 23058]
[10718, 162108, 76890, 39753, 183701, 7511, 90494, 169376, 73602, 117046]
[9813, 176471, 162377, 101512, 101923, 190863, 69096, 74052, 160871, 76263, 158857]
[57903, 126711, 98999, 7274, 47218, 52137, 172461, 161522, 81689, 95116]
[182627, 27550, 44645, 125625, 136079, 152069, 122816, 171581, 151742, 114911, 63667, 28854, 48537, 33885]
[122956, 40162, 94990, 104503, 152060, 99820, 35875, 182761, 35869, 47942]
[68267, 81704, 98507, 132108, 166884, 132138, 145149, 189990, 62740]
[166645, 99771, 184839, 120428, 89823, 164983, 23786, 148038, 161339, 10726]
[98433, 144183, 119936, 34883, 56082, 137213, 157233, 185731, 138244, 129723]
[144037, 92490, 3583, 61540, 70767, 10812, 76656, 114599, 88070, 188737, 87372]
[96743, 120205, 155499, 14238, 61608, 47895, 107470, 25239, 126487, 199218, 165693, 146444]
[155110, 125288, 182201, 120325, 68114, 11143, 175015, 197857, 123285, 112290, 95120]
[136172, 119264, 87159, 92521, 150981, 110534, 4934, 185920, 189982, 120188, 186261, 178774]
[163167, 37818, 38250, 143517, 120299, 48636, 76985, 129975, 14309, 130066, 117739]
[138590, 187427, 127172, 128556, 102715, 33703, 108867, 33382, 170198]
[38298, 141103, 125046, 3804, 166329, 54218, 38188, 15051, 194914, 113199, 41216]
[104393, 22491, 202105, 194899, 43077, 29765, 51702, 22135, 168819, 165058, 115189]
[191806, 9993, 130550, 118891, 31959, 201498, 54948, 65675, 192599, 111363, 33816, 74848]
[4269, 81078, 93273, 193851, 85566, 169405, 3644, 190031, 23207, 153214]
[96830, 198553, 130303, 80429, 138338, 144271, 32110, 140276, 52794, 165927, 133763, 41075, 114095]
[127283, 73688, 186132, 73190, 67681, 93925, 2966, 185160, 28736]
[1838, 158163, 109626, 62429, 58957, 203474, 802, 152076, 112879, 16266, 111103]
[92889, 110735, 135497, 133136, 192875, 146679, 118903, 125655, 199441]
[187250, 118346, 2020, 21365, 170908, 143358, 55989, 84542, 95872, 68489]
[5454, 180477, 87283, 153379, 103095, 139688, 100427, 185589, 203338, 77197, 57878, 115180, 174030]
[126036, 22001, 18717, 31346, 114100, 148645, 168952, 89732, 76325, 179126, 44807]
[148096, 28722, 63131, 6464, 62860, 35184, 187085, 81558]
[126762, 190869, 17400, 105093, 66305, 65362, 35821, 170978, 116283, 179981, 28983]
[117735, 44513, 27847, 38233, 163700, 21564, 38316, 22768, 197720, 29418, 159440, 81106]
[119476, 155130, 13171, 20896, 13162, 69517, 110201, 20039, 93442, 163376, 145093]
[155453, 67737, 154235, 80235, 46415, 135682, 118654, 131778, 117563, 121075, 40194]
[92062, 119104, 178882, 136179, 125758, 156228, 60646, 129396]
[164353, 203688, 153284, 29716, 21677, 112945, 13382, 161913, 128233]
[160384, 152274, 97196, 45434, 30102, 40896, 127503, 67151, 37012, 64085, 142283, 92376]
[176749, 73528, 193031, 177568, 24143, 34391, 99948, 90771, 42411]
[87577, 186773, 120802, 106606, 96695, 171028, 69179, 171280, 117834, 158169, 50754]
[29238, 48854, 177389, 134566, 142110, 136750, 60340, 123488, 95558, 22381, 3459, 64992]
[96382, 47418, 28529, 186327, 108475, 14372, 109859, 164774, 198308, 95070, 49396, 68849, 155780]
[136361, 35632, 144360, 62161, 16743, 167533, 187368, 90777, 79242, 108267, 95632, 119927]
[85207, 39368, 77928, 58553, 178827, 10593, 202041, 110276]
[67969, 21983, 12053, 129593, 160658, 63080, 57468, 58005]
[128132, 114145, 108833, 142974, 158457, 6703, 137343, 79791, 169387, 146100, 13599]
[199009, 84477, 88962, 154665, 111946, 17858, 158266, 187366]
[45278, 46737, 118270, 80866, 81651, 81370, 107557, 108748, 89897, 192349, 86232, 1828, 15428]
[95806, 13429, 155471, 58063, 12397, 96868, 55361, 132316, 125836]
[60791, 199052, 76872, 55770, 96817, 2775, 194638, 118717, 97388, 200854]
[142820, 152466, 41825, 174796, 25238, 131918, 110270, 158558, 187964, 19305, 56257, 131915, 57586]
[36782, 77639, 185245, 89107, 61526, 196186, 75903, 105081, 31478, 104333, 193551]
[182119, 57173, 175898, 32988, 48863, 158940, 117972, 139120, 53176, 61307, 50594, 108428]
[155050, 202985, 107227, 108761, 6566, 78657, 102309, 15804, 34762, 176612, 121725, 204022]
[31396, 119010, 147859, 112897, 108787, 86023, 160841, 130116, 94733, 72268, 145060, 64360]
[142661, 166339, 94057, 42756, 19241, 174246, 150183, 61585, 187351]
[138556, 181226, 97026, 140073, 38480, 20140, 41380, 54629, 24093, 103706]
[52972, 140569, 101299, 24474, 159778, 54006, 98190, 51432, 131356]
[162841, 183286, 134524, 134318, 40546, 177472, 170806, 33720, 180788, 62384, 137614]
[48797, 115830, 185155, 169918, 154684, 196827, 5994, 38295, 182561]
[172445, 87535, 30587, 177656, 199066, 164107, 132893, 94501, 105884]
[185313, 1124, 83693, 120047, 49971, 52135, 95038, 49897, 41219, 11065, 72453, 181620]
[53048, 103030, 196154, 136213, 35136, 127544, 76592, 190297]
[42653, 61629, 165052, 45709, 79036, 161979, 190818, 58507, 67104]
[48981, 40217, 193482, 22936, 80189, 90995, 75404, 68606, 47347, 104175]
[49838, 112633, 165389, 8738, 126225, 75649, 140181, 24922, 82983, 142490]
[147219, 112501, 165762, 104124, 105905, 37647, 161862, 171151, 33293, 197039, 116836]
[160589, 164896, 102987, 7338, 166503, 110964, 7491, 176565, 146516, 100514, 163982]
[158227, 87953, 161031, 14795, 117380, 156732, 148624, 69808, 20438, 94071, 90864]
[162560, 86858, 196744, 101588, 67744, 167332, 186368, 12639, 31915, 133320]
[104767, 12636, 159049, 39832, 85692, 119383, 169295, 97419, 143548, 123868]
[101689, 48776, 182835, 89495, 150404, 5490, 124965, 16221, 180537]
[99844, 135290, 29557, 77310, 103754, 23947, 6198, 138659, 171636, 89050, 74114]
[184557, 153595, 146228, 102710, 127886, 144471, 134154, 25537, 148538]
[174203, 74933, 179105, 186486, 24428, 22329, 82082, 175812, 158115, 188830]
[68979, 83463, 57655, 132597, 102255, 91945, 13362, 202192]
[174566, 134260, 165106, 67041, 47324, 192534, 127669, 190360, 190782, 173697, 118717]
[14401, 86235, 54140, 51769, 112789, 12073, 8180, 117111, 131259, 149160, 108095]
[20459, 58942, 169826, 174961, 93521, 197126, 106428, 135329, 25757, 194259, 163616]
[20791, 143951, 45028, 30986, 126295, 146328, 83458, 45663, 35735, 62540]
[40936, 37109, 33099, 42148, 69039, 144242, 95521, 143988, 125243, 46493, 8721, 96442]
[83035, 60510, 113813, 75402, 63974, 190695, 78451, 137383, 161352, 155712]
[94185, 167090, 40550, 30865, 106122, 43044, 52382, 123337, 112083, 151688, 61122]
[82113, 18802, 179649, 26007, 37912, 54292, 117658, 163683, 86006, 34489, 61676]
[95199, 26938, 29356, 5184, 74504, 163544, 158743, 18933, 153544, 13142, 179921, 199522]
[33994, 130789, 117159, 127819, 162794, 13460, 87063, 82008, 114436, 471, 99033]
[14580, 109873, 142395, 37602, 58167, 138845, 132734, 136494, 192891, 89397, 140396]
[198413, 145802, 60602, 104081, 160981, 152023, 162728, 121051, 5828, 129355, 188451]
[26413, 199531, 197288, 118016, 59218, 7517, 42724, 61252, 65863]
[16702, 83800, 123840, 60957, 110238, 133610, 144203, 197596, 67763, 21276]
[151520, 38714, 184341, 101074, 107078, 26240, 144993, 98988, 1780, 31654]
[38043, 187933, 202208, 202985, 3897, 69010, 173411, 127287, 139605, 135816, 105162]
[50316, 86073, 29067, 6062, 187469, 42218, 196505, 146811, 5953, 104509]
[198705, 2063, 13257, 125117, 32931, 85779, 186063, 197548, 13644, 188984, 33210]
[64553, 164555, 64711, 54750, 17337, 93871, 187116, 143066, 38664]
[174765, 169891, 19904, 122735, 69438, 119827, 47777, 67480, 57739, 65945, 181817]
[188091, 117396, 167427, 185289, 155543, 45275, 32207, 99986, 98100, 87999]
[79706, 51801, 34996, 73395, 13751, 94430, 82234, 45613, 190408]
[98590, 131768, 38354, 166432, 76397, 99633, 131532, 113443, 198850, 7510]
[73657, 117934, 113669, 185541, 90902, 6767, 46774, 117113, 49995, 59063, 43093, 65798, 124252]
[110200, 47876, 165559, 6225, 200727, 157960, 123348, 125951, 54997]
[178554, 148262, 168559, 59382, 159531, 124088, 145501, 59874, 4034, 89694]
[55029, 52218, 188175, 82202, 35333, 56433, 193932, 678, 152540, 111638]
[142581, 167580, 1294, 176095, 187007, 121797, 4315, 187641, 33705, 81452]
[124610, 68132, 190845, 187908, 58291, 101244, 143403, 135609, 141036, 134151, 84692]
[144391, 119108, 140496, 24980, 196501, 133048, 29875, 62335, 109760, 16923, 22118, 154582]
[10250, 128088, 199311, 158272, 191904, 161446, 202082, 48762]
[57484, 166104, 159727, 109221, 59469, 162554, 11854, 131148, 148121]
[3565, 73852, 3374, 73048, 152532, 196565, 74034, 115815, 77812]
[125357, 187697, 137464, 155433, 13397, 52424, 131358, 125981, 151298, 162645, 3009]
[83986, 69151, 51774, 92192, 12796, 83760, 24315, 35184, 144284, 170244]
[49758, 169844, 33059, 18229, 78557, 170257, 163808, 196829]
[29799, 179601, 185952, 17674, 42326, 184809, 128974, 178662, 137472]
[90276, 7985, 183156, 201834, 95204, 117330, 119337, 107920, 112737]
[85856, 118184, 176460, 77996, 39369, 2298, 117848, 191472, 75058, 44200, 64443, 47929]
[11496, 107005, 84482, 181331, 192577, 189514, 32702, 201462, 114172, 120513]
[10816, 93979, 25131, 2059, 56157, 14371, 79090, 171211, 90666, 10117, 168587]
[179311, 121963, 88669, 82243, 175584, 88495, 39958, 25057, 38392, 201212]
[166138, 8517, 89015, 152938, 23384, 5266, 153973, 80180, 118187, 125504]
[139931, 152601, 108291, 181400, 40910, 139419, 139374, 105839, 185383, 57599, 99361]
[57013, 49542, 195681, 19430, 47570, 164027, 183504, 185853, 134659, 176658, 150474]
[181039, 103916, 11322, 151424, 26050, 14709, 31841, 12513, 189003, 147557, 28502, 172803, 96007]
[27510, 64077, 200137, 168308, 169196, 48263, 153224, 86963, 21732, 123923]
[200956, 203471, 152351, 126043, 87011, 110423, 106559, 98986, 116288, 110347, 12981]
[65440, 138492, 52655, 30103, 151128, 189457, 56, 27773, 164089, 81133, 21651]
[157290, 61412, 185506, 88709, 159353, 143297, 201345, 167127, 51956, 192845, 6090]
[38291, 64341, 191052, 19271, 81347, 138127, 59575, 89761, 45190, 163010]
[47707, 104340, 100577, 86577, 116059, 44866, 104567, 117338, 41148, 35425, 10376]
[17087, 147444, 143006, 22082, 113263, 54565, 192910, 22043, 26065]
[72143, 163841, 126697, 155245, 160472, 66629, 70898, 22994, 150325, 198610]
[73252, 63508, 112328, 113374, 76996, 200683, 112349, 82152, 48463, 155366, 178987]
[141353, 90451, 119262, 57432, 64005, 54411, 141216, 98224, 34131, 129629]
[36818, 72216, 113476, 99658, 196279, 13599, 105775, 129910, 75911, 84002, 80117]
[2228, 189962, 79945, 105930, 136175, 108934, 36994, 72100, 196033, 157550, 161288, 143914]
[107978, 187698, 75782, 182953, 56571, 796, 170163, 84451, 108845, 150167]
[8792, 67168, 72746, 159686, 145791, 33828, 52810, 31756, 147768]
[148723, 152741, 198977, 27833, 79118, 181944, 120972, 185147, 2669]
[17199, 165261, 146212, 160130, 137177, 138851, 126652, 181775, 111212, 43533, 68639]
[108688, 115470, 22338, 176439, 153305, 145495, 145053, 18867, 125695]
[45371, 115594, 109959, 160578, 157854, 84854, 110438, 125389, 166737, 66784, 1041]
[56888, 63477, 170270, 5394, 91215, 32460, 157739, 102305, 77262, 47289]
[64443, 194265, 145635, 23365, 100358, 199056, 33250, 138161, 101818, 87770, 104320]
[40403, 147733, 83511, 63159, 128087, 48397, 21844, 130323, 132608, 120318]
[87099, 11055, 197501, 190496, 55017, 61196, 101645, 151729, 45582]
[152801, 99732, 54868, 15305, 109657, 8001, 169515, 5036]
[83371, 123596, 142826, 105777, 92827, 31771, 32481, 149922, 17635, 117916, 14365, 166353]
[25370, 50223, 57111, 13883, 85148, 194455, 75147, 47058, 146906, 4284, 63501]
[137863, 200864, 72992, 197134, 133434, 182983, 42092, 151091, 49180]
[42420, 183276, 134267, 154457, 26019, 178484, 4278, 186167, 134913, 129188, 52558]
[137490, 4309, 123385, 16014, 140986, 167580, 93134, 48729, 57099, 3170, 62595, 8332]
[60215, 116194, 79497, 68343, 39401, 131664, 45054, 83349, 170901, 200965, 139720, 98451]
[170831, 196486, 5872, 102141, 20203, 120942, 65540, 183418, 68664, 148190, 159071, 171149]
[7057, 119106, 61199, 48571, 30078, 19993, 92618, 63425, 193092, 67606, 41293, 2125, 107570]
[135232, 112685, 75592, 84165, 160260, 141804, 68314, 117100, 36450, 179308, 139421, 105482]
[185735, 149091, 174029, 161127, 58384, 32667, 51416, 3247, 36840]
[112794, 111868, 185138, 17458, 135146, 57045, 131612, 108200]
[956, 119938, 146645, 176942, 127752, 90542, 166369, 99890, 5121, 126644]
[166652, 187100, 157175, 156006, 125387, 159683, 124078, 34514, 36152, 20746, 192054]
[150885, 177654, 187534, 52017, 164485, 62662, 91722, 63572, 74402, 155888]
[85587, 18533, 165510, 68689, 166052, 164283, 55850, 23796, 34482, 122801, 101819]
[181241, 130851, 127694, 67562, 166207, 102398, 156573, 202584, 118826]
[87323, 190666, 201442, 46720, 139829, 96768, 202685, 171969, 186695]
[103920, 48861, 115109, 59263, 41761, 189017, 190517, 187330, 18715, 170298]
[149032, 117402, 61985, 39823, 188860, 33572, 80311, 87998, 51152, 124021, 186165]
[151873, 109935, 4155, 88364, 103242, 168095, 167783, 147575]
[8719, 37658, 1910, 76009, 78672, 168618, 44130, 70946, 96269, 194804]
[131928, 200146, 121971, 26688, 190194, 109532, 178163, 181776, 186463, 7619]
[28528, 166611, 139726, 98168, 105538, 155794, 142590, 109039, 194235, 53241]
[127230, 147982, 101788, 146953, 190572, 19812, 78242, 92386, 59826, 50639]
[179408, 141318, 139817, 115189, 181220, 114655, 21029, 109360, 138039, 7585]
[121769, 183354, 20685, 177979, 127458, 120238, 5686, 65716, 111115, 46887, 89741]
[145226, 36104, 9710, 184340, 189298, 159523, 170955, 124524, 78247]
[159434, 136103, 171400, 28342, 7901, 75481, 175863, 111087, 43424, 58873, 92840, 100383]
[69629, 198400, 21876, 72468, 150524, 56897, 199925, 54299, 187093, 113594, 60582]
[46004, 143926, 71143, 10311, 75312, 63172, 57692, 83143, 119718, 72118]
[26734, 94218, 181372, 117808, 43736, 45837, 181583, 27028, 80271, 36551, 48924]
[109669, 124105, 67459, 14939, 192792, 20809, 91995, 149071, 174416, 118833]
[187880, 65583, 12496, 161322, 91490, 71892, 113120, 134981, 31614, 183971, 42826]
[48077, 159393, 186321, 71626, 145308, 97338, 25029, 26838, 83882, 179233, 130326]
[52535, 192089, 28071, 135470, 88105, 176825, 70726, 189400, 78771, 40941, 35489]
[103738, 175229, 78045, 110034, 126276, 46064, 183731, 65664]
[90480, 109354, 108788, 199682, 80222, 33555, 195588, 157194, 127893, 39421, 123186]
[101533, 150018, 32622, 33537, 29390, 143190, 70154, 30519, 70811, 104736]
[101334, 165114, 96200, 189310, 123257, 103036, 125802, 102725, 193692, 3622, 202982]
[25358, 134374, 125843, 116517, 88486, 178812, 47454, 162172, 117221, 68089, 196838]
[5293, 8051, 38029, 213, 25207, 29749, 197368, 56574, 150793, 1597, 102387]
[61140, 38634, 48008, 114214, 185907, 67007, 948, 86359, 71177, 17956, 93989]
[151371, 82248, 197439, 62366, 34727, 174550, 117244, 135673, 44152]
[71388, 184928, 179552, 202993, 57030, 185781, 14948, 136100, 21925]
[55692, 3200, 161164, 105557, 28795, 200846, 65620, 115153]
[126324, 78539, 112830, 45871, 84000, 80039, 82385, 180116, 103071]
[168681, 115631, 37866, 149760, 117845, 34548, 106378, 200681, 86724, 114578]
[169670, 9833, 32518, 11429, 21270, 37061, 109965, 89006, 112496, 129677, 164588]
[179921, 161291, 105964, 151062, 130532, 195830, 52737, 75544, 157333, 176332]
[160155, 100772, 7156, 168877, 125821, 7424, 138593, 123963, 91856, 72720, 53717]
[174856, 86989, 185853, 64663, 123236, 42353, 184805, 1900, 42567, 52139, 63262, 117704, 74208]
[139661, 195310, 24086, 74336, 85002, 55567, 47876, 49333, 159640, 110171]
[41654, 134363, 126709, 186489, 177162, 156984, 10502, 39724, 103452, 40241, 59587]
[48151, 170393, 77327, 102803, 82323, 102400, 103959, 19277, 10676, 62204]
[55639, 124921, 84791, 114009, 76068, 143028, 171099, 149108]
[141872, 150694, 150055, 57776, 71561, 103828, 140588, 99912, 133176, 35031, 175632]
[118202, 106672, 137842, 196849, 108751, 47697, 112464, 86146, 160694, 18823, 26241, 76772]
[137696, 132969, 75132, 198686, 39546, 133208, 166463, 128964, 129655, 162299]
[83256, 31676, 63038, 82656, 142428, 72109, 53226, 56289, 159329]
[42056, 53304, 202752, 46592, 61104, 27470, 63999, 138816, 141735, 137947, 192436]
[104820, 85362, 15827, 29476, 164129, 10807, 92634, 76171, 131640, 113532, 196641, 173696]
[173336, 135838, 160734, 3474, 100600, 91229, 118831, 5939, 166611, 115144]
[29944, 153877, 103211, 41752, 128347, 136486, 30352, 179676, 195887]
[87280, 151281, 169231, 62624, 37597, 170505, 62263, 67915, 95490, 180857, 84536, 21847]
[54211, 35406, 16972, 183585, 130929, 46582, 100651, 80677, 165565]
[37588, 88634, 32418, 165569, 18708, 4573, 22251, 149620, 21695, 179582, 2136, 177470, 90018, 52379]
[95030, 149871, 173122, 36615, 124645, 71488, 80981, 187797, 5308]
[115588, 26207, 119268, 173393, 162877, 52127, 175372, 15906, 185097, 183257]
[65072, 139462, 32218, 137754, 39545, 193832, 47407, 64053, 2029, 175787]
[151072, 20307, 182823, 107385, 49953, 10046, 9709, 154142, 164615, 164517, 65695]
[135664, 33543, 162452, 128162, 165719, 99956, 70110, 52801, 69855, 129456]
[40947, 92489, 36339, 181023, 119304, 125298, 62892, 48637, 159400, 32367]
[28481, 192888, 16283, 149855, 83938, 78207, 96971, 102930, 113896]
[79789, 166101, 85930, 70860, 21398, 120434, 7630, 112765, 95880, 36745, 95818]
[187634, 68600, 144345, 91600, 24971, 55739, 31489, 95130, 61007, 155858]
[97498, 98395, 101805, 124825, 16057, 27913, 13130, 181921, 32068, 198735]
[24086, 169280, 8403, 197152, 177296, 99817, 10390, 85011, 17752, 200447]
[201178, 38378, 60806, 59991, 28250, 28185, 1086, 379, 58044, 170244]
[114932, 71383, 199013, 131048, 154780, 201184, 115072, 72708, 123485, 133437, 141889, 67643]
[122276, 159277, 41360, 31475, 35506, 112996, 2608, 117963, 62342, 203244, 78134]
[186825, 201927, 24264, 163650, 177071, 131560, 139139, 179507, 23079, 192660]
[88293, 85762, 110407, 111397, 155916, 182518, 77392, 118954, 28487, 20724, 34073]
[121148, 121455, 39677, 115872, 141771, 185934, 25323, 35250, 15619]
[52430, 183593, 81578, 175085, 192186, 16564, 101600, 66205, 133803, 51393]
[52237, 159310, 86915, 203855, 100409, 74413, 7197, 107183, 6058, 22006, 83119]
[77269, 172232, 122528, 116499, 144841, 126455, 8316, 91270, 62726, 159429, 135267, 121032]
[108637, 47379, 115126, 203704, 73070, 48440, 6737, 142113, 69409, 88173, 188109, 66085, 195216]
[10536, 168408, 3607, 127679, 2063, 134384, 28693, 75913, 69412, 3181]
[49798, 79977, 134046, 166971, 87078, 165151, 63842, 29842, 43154, 85765, 153557]
[65980, 92040, 171500, 187634, 83197, 178465, 121608, 49203, 189913, 139988]
[131160, 105397, 19832, 60416, 174772, 104778, 26938, 192127, 52254]
[116664, 186944, 185109, 39093, 176474, 4753, 79773, 80250, 59801, 5700]
[33334, 81356, 46187, 154803, 126807, 112123, 75134, 142788, 91620, 14340, 92048]
[177908, 23159, 54486, 15911, 203285, 201618, 134995, 61296, 38687]
[148396, 152716, 119691, 193634, 59997, 141987, 157739, 116499, 164248, 146934]
[52540, 195184, 96555, 191392, 39476, 62308, 39581, 61608, 81331, 73989, 9403]
[60877, 22453, 156631, 50532, 21117, 33054, 146323, 4856, 73292, 125780, 111472]
[198296, 133211, 33473, 148662, 40810, 35541, 126449, 115299, 117307, 86139]
[97921, 116873, 101349, 173961, 90724, 39919, 183059, 27578, 94959, 197519]
[193966, 191892, 76799, 92051, 158298, 12053, 76507, 127372, 38533]
[41893, 30555, 118701, 107335, 11790, 190967, 55014, 128502, 125279, 160610, 168034, 26602]
[124612, 10690, 173790, 30803, 176037, 170660, 8903, 108995, 26122, 61435, 96555]
[158584, 117907, 168291, 182563, 149209, 134915, 148931, 10266, 128644]
[42882, 192278, 135464, 91026, 159932, 94854, 149535, 146024, 48921, 164267, 148660, 70294]
[184009, 173505, 151568, 81373, 42265, 47292, 102407, 84085, 86229, 192070, 124196]
[198290, 185316, 55445, 173742, 163926, 26734, 93270, 112879, 90671, 114231, 109975]
[45638, 57518, 84829, 152146, 44033, 19590, 42064, 142636, 182516, 65347]
[51704, 53290, 42506, 142161, 165694, 36596, 96120, 108264, 130102, 12512, 168570, 91422]
[115727, 119898, 3900, 199719, 66774, 201602, 55277, 92259, 54636, 127537, 193209]
[36731, 182004, 167713, 125490, 152975, 181988, 99510, 84690, 68987]
[39047, 120039, 179359, 1006, 137254, 191473, 192502, 179289, 138666, 100962, 141630]
[72078, 27688, 20777, 42699, 4580, 125442, 30418, 191381, 8366, 139568, 70582]
[118851, 96129, 92386, 98891, 46726, 91709, 20165, 39683, 36021]
[187420, 101574, 46074, 155621, 185391, 72457, 191183, 185887, 17608, 169703, 166630, 178973, 550, 1065, 181210]
[194651, 117311, 14882, 200476, 73189, 51318, 119385, 25490, 132950, 91497, 188833, 15083, 39087, 28047]
[96221, 150091, 109828, 101795, 151225, 188698, 111273, 81621, 56656]
[75533, 183048, 34806, 138761, 184356, 140824, 88247, 184753, 110952, 197443]
[94861, 201498, 3371, 78374, 64094, 123341, 13399, 16875, 17214]
[87508, 199291, 141823, 199265, 36243, 79373, 47204, 19182, 36470]
[202746, 100430, 118765, 25026, 183126, 175744, 116301, 24586]
[194219, 16522, 15525, 111497, 75983, 59212, 36925, 52155, 1345]
[77145, 116984, 65114, 80130, 19311, 153845, 28246, 59295, 143666]
[161843, 176850, 107593, 129721, 56157, 94210, 68076, 177733, 82272, 188667, 37478, 90345, 39091]
[87696, 6364, 177539, 39526, 79664, 119824, 147786, 92584, 192831]
[76446, 135690, 7182, 61635, 108868, 146004, 130523, 131758, 99120, 193693, 101603]
[130426, 148513, 9484, 24335, 49519, 8060, 112354, 81785, 53889]
[186091, 152155, 183767, 141568, 6531, 59897, 193860, 4419]
[17122, 8574, 20750, 186531, 16595, 70353, 139392, 128483, 98368, 5333]
[60123, 47244, 21750, 58328, 42880, 129462, 53465, 77895]
[135405, 71926, 39743, 92066, 87104, 173220, 195860, 195295, 49121, 171223]
[114256, 123900, 61300, 116754, 125229, 203285, 174870, 118367, 52984, 113156]
[35036, 148084, 58859, 113458, 38087, 58219, 5428, 24646, 190388]
[93413, 4337, 26080, 78025, 33290, 53419, 62980, 28462, 146712, 89027, 148316]
[131427, 132179, 140611, 97421, 15555, 50931, 25364, 69655, 83293, 194553]
[177569, 184437, 156202, 189265, 135541, 99830, 40623, 61335, 13098, 95260, 60378]
[194630, 114730, 12130, 48040, 88562, 108520, 173381, 103952, 76629]
[140746, 2000, 112216, 249, 66822, 70650, 24116, 149902, 140894, 156069, 120600, 24112]
[47905, 21680, 48545, 46417, 203438, 126024, 177159, 53281, 81066, 168907]
[155820, 104720, 79079, 19146, 153959, 50303, 125482, 21090, 88348, 146918, 154865, 158301]
[63300, 147062, 51618, 151099, 17701, 37494, 101447, 93151, 186023, 146475, 172144]
[164596, 184803, 139544, 89593, 185427, 98302, 35410, 149400, 21924, 131065]
[85792, 143985, 178548, 131437, 120302, 1675, 29044, 90322, 5102, 104056]
[39350, 144541, 139816, 85814, 84851, 5001, 45767, 40008, 43810, 107644]
[83065, 100128, 105588, 182762, 41213, 150513, 163196, 21996, 76213, 104431]
[55322, 187571, 156252, 78472, 164491, 197481, 198705, 72757, 540, 145952, 4393, 200285]
[11788, 147489, 57222, 32255, 41008, 30001, 80980, 179412, 60707, 5525, 106995]
[152153, 179978, 116497, 75974, 137688, 70807, 87796, 39419, 146642, 20613, 31913]
[44960, 144339, 178501, 166282, 121969, 146475, 173447, 97959, 6330]
[186897, 123740, 132646, 188452, 49555, 62084, 71212, 129711, 114462, 100559, 85112]
[33298, 62390, 77806, 28505, 93980, 46995, 115424, 201937, 58218, 7525, 120451]
[46026, 3140, 67866, 50437, 80162, 193992, 15401, 87896, 165397, 182541]
[122891, 106323, 122072, 79023, 51353, 148620, 103171, 189431, 178966, 113497, 81904]
[73375, 197761, 36244, 130536, 20447, 103476, 47937, 163404]
[1269, 100584, 197690, 72033, 164015, 178635, 81991, 183338, 2059, 145535]
[63165, 58810, 83128, 63628, 133300, 179455, 118261, 164448, 16432, 13976]
[24776, 11824, 136840, 142769, 26686, 145189, 155446, 191838, 49829, 14195]
[174842, 173374, 36222, 91937, 52334, 21012, 27831, 70727]
[197367, 27728, 59747, 51391, 190612, 80635, 35421, 17866, 187312, 105848]
[181400, 108778, 143567, 154797, 91057, 143092, 51007, 19788, 14561, 28088]
[31326, 110253, 86948, 57188, 140524, 31698, 56030, 77291]
[40103, 203559, 123623, 194607, 62133, 34090, 117020, 72466, 78582, 147262]
[134748, 45841, 60258, 26259, 29241, 119007, 168668, 193997, 176537]
[180000, 17589, 10052, 149125, 86372, 143826, 600, 16834, 66776, 50812, 5035]
[71810, 66236, 28626, 85329, 73704, 164911, 198567, 29309, 94182, 182870, 76834, 22023]
[54695, 33894, 93876, 83118, 54138, 203587, 75270, 73207, 194761, 47306]
[162492, 53594, 183279, 180845, 60755, 168416, 43116, 25293, 66049, 164794, 7626]
[97361, 197266, 48811, 104387, 156187, 109974, 130548, 102783, 141198, 75669]
[35714, 198329, 21176, 65135, 152924, 49554, 176345, 120625, 194919, 106848]
[170472, 110165, 177617, 104773, 81000, 81677, 39047, 51039, 120852, 28085]
[83818, 100234, 65289, 143837, 195554, 61455, 190617, 63987, 173984]
[148629, 122538, 45424, 16808, 5718, 4400, 135656, 131414, 1928, 51692, 92207, 131947]
[1241, 95399, 203728, 95557, 71158, 65558, 134760, 144349, 155455, 122591]
[168334, 191504, 175008, 8448, 14409, 186398, 76202, 6814]
[114637, 202617, 44640, 101703, 46327, 31926, 38721, 79902, 198532, 72443]
[23775, 167820, 113378, 75074, 183853, 160279, 34969, 98816, 156891, 180031, 159879]
[118880, 139151, 77968, 162829, 61400, 101198, 34081, 80064, 165215, 170759, 119545, 115188]
[84189, 185036, 110451, 41171, 190566, 103021, 107136, 158316, 171832, 91016]
[9323, 25540, 186011, 123238, 45727, 131524, 3157, 158456, 171536, 49258]
[28869, 197953, 71582, 105656, 8613, 104618, 24878, 195196, 198032, 114130, 186215]
[134140, 126711, 63063, 17093, 124427, 39367, 72645, 98011, 155053]
[178508, 82711, 79028, 28088, 148398, 19714, 110020, 58243, 109075, 78266]
[18041, 35555, 167862, 136575, 150288, 81622, 28638, 64410, 2758]
[202033, 196080, 189986, 163524, 196360, 88432, 79352, 90609, 3040]
[189927, 167848, 43746, 40583, 178678, 181540, 20530, 170707, 102454, 118081, 194265, 18104, 1527]
[141990, 55757, 51498, 157424, 83615, 87063, 156998, 22077, 87329, 16604, 134282]
[43822, 125089, 157168, 82455, 82185, 138466, 108565, 127371, 191495]
[173917, 140190, 20290, 51874, 60073, 166018, 92358, 121214, 28286, 91072, 42360]
[121058, 161297, 50089, 86189, 81658, 189453, 15135, 60299, 72452]
[129282, 66744, 51657, 87475, 98007, 160791, 34759, 126611, 179319, 136040, 41098, 126080]
[86258, 157750, 99693, 69155, 67150, 97176, 187626, 85842, 175477, 6538, 195220]
[39600, 184421, 162507, 139164, 18559, 93906, 26311, 20703, 176095, 150300, 45823]
[182007, 26538, 64146, 50178, 197150, 66864, 17689, 202990, 187848, 123036, 52594, 95440]
[10283, 123786, 59017, 89207, 137134, 112596, 203249, 65253, 203654, 109199]
[120607, 157656, 115728, 124568, 68518, 50983, 150452, 59052, 144738, 50473]
[53729, 61295, 167290, 193027, 200754, 2557, 127574, 170737, 139303, 138606, 45974]
[81504, 36567, 183378, 71306, 148696, 24951, 28261, 72989, 159180]
[17857, 27724, 72641, 185209, 124141, 170957, 189541, 203584, 121163, 140941]
[131985, 96053, 166373, 116964, 29729, 78352, 164323, 119274, 128500, 127405, 47514]
[92960, 7319, 192290, 83470, 158013, 30154, 178282, 170354, 127111, 169098, 150455]
[90411, 161449, 171184, 131367, 186280, 7033, 126920, 192839, 106789, 187099, 127242, 193602, 150267, 193515]
[76771, 49398, 100779, 153851, 89239, 30931, 145321, 65133, 41751, 170372, 14606]
[110791, 38068, 158508, 189986, 56832, 64775, 83117, 21054, 151617]
[198971, 32309, 18669, 81924, 136786, 119518, 11401, 78336, 156855, 62197]
[103524, 163370, 126158, 188575, 142835, 137561, 168594, 108955, 132346]
[159666, 185583, 77388, 165000, 143930, 187631, 162881, 57322, 158969]
[22305, 94529, 167215, 90328, 81717, 109127, 128849, 149267, 115486, 85027, 117616]
[34781, 166518, 190165, 152287, 168941, 178792, 154514, 40278, 134125, 99125]
[43746, 170175, 163126, 86603, 44964, 28775, 156484, 17251, 108548, 53300, 53513]
[66862, 163231, 5138, 70245, 43865, 80433, 184456, 92103, 62901, 180814, 59005]
[36112, 43964, 177251, 63968, 105302, 33576, 90018, 55661, 122492, 155978, 191125, 85688]
[136950, 6164, 69532, 130770, 83607, 61531, 116710, 14014, 99722, 151220, 71003]
[110358, 123017, 140097, 14546, 145077, 112806, 142390, 7595, 25821, 140013, 128641]
[63709, 114335, 72000, 106602, 15699, 131796, 51215, 80284, 96546]
[179768, 79384, 65643, 175371, 148325, 105280, 336, 2612, 22826, 157404]
[199108, 143830, 50725, 157202, 113549, 122755, 119956, 181707, 127424, 172134, 122063]
[176929, 66538, 101584, 59222, 103027, 46967, 115909, 70334, 6808, 22487, 20625]
[24956, 180873, 120406, 15550, 106338, 35388, 88552, 63693, 10763, 16986]
[144121, 103122, 16309, 2860, 184580, 175689, 180826, 91736, 193235]
[189542, 67620, 26341, 5108, 36074, 149528, 17188, 81050, 5655]
[51104, 14861, 8834, 186713, 152185, 6057, 100536, 25299, 135991]
[49775, 46995, 122028, 13037, 55118, 156919, 49594, 20596, 79073, 105390]
[103453, 24445, 181274, 151916, 38175, 79964, 134921, 53845, 159753, 40846]
[103250, 3430, 167775, 142275, 184729, 136496, 66803, 134820, 143976, 141022, 28194, 1442]
[157419, 184399, 90182, 8270, 114957, 150279, 109129, 81339, 39476, 81118]
[35644, 192135, 61496, 182734, 3575, 116882, 149204, 160126, 157428, 156517]
[142829, 65484, 112056, 39745, 40131, 62343, 93067, 192480, 47605, 92632]
[123294, 34456, 69386, 74433, 14899, 73503, 144847, 197290, 9042, 113302]
[41569, 33716, 94246, 71155, 188088, 152096, 160094, 9308, 144784]
[24757, 120617, 201779, 16032, 62706, 96926, 80589, 171227, 9747]
[152136, 153627, 138241, 127951, 35763, 83799, 107023, 62959, 65286, 92637, 85542]
[151577, 121865, 179820, 142514, 121668, 28333, 103464, 63491, 155550, 105615, 69071, 44797]
[5015, 139177, 127035, 58498, 199003, 54320, 190451, 142481, 24509, 172321]
[196647, 136516, 167300, 88286, 13752, 14173, 155759, 8575, 106223, 140311, 41870]
[188413, 17230, 65808, 47700, 168287, 116146, 69349, 171565, 110703, 63242, 38401, 157747, 152198]
[22229, 165347, 80513, 50159, 80067, 156069, 125831, 69305, 92007, 119395, 63657]
[128640, 60210, 189050, 108018, 113728, 109401, 110314, 126250, 145160, 154982, 137228]
[63040, 36380, 20787, 62102, 70978, 24072, 103578, 117598, 25083, 181535, 168984]
[150043, 81056, 97123, 97269, 7835, 13262, 85402, 57721, 22178, 116134, 25759]
[90332, 148354, 152436, 147096, 123271, 30415, 147218, 57279, 5308]
[195170, 117283, 129341, 35113, 147683, 73976, 109011, 50710, 92656]
[189538, 192267, 90815, 67744, 119108, 44906, 100932, 31545, 120174, 136778]
[144783, 71516, 187332, 63482, 202371, 91363, 57180, 44638, 62136, 157342, 54022, 57727]
[168535, 132683, 10178, 160792, 180985, 52136, 17806, 14398, 59778, 60156]
[45805, 25965, 160763, 54716, 132419, 54728, 74166, 128322, 196461, 192607, 14336]
[202470, 151280, 191068, 123841, 20532, 98275, 98023, 190598, 2425, 60352, 167551]
[25421, 191824, 144765, 118357, 192946, 107085, 128276, 86422, 133893, 90720]
[8842, 192299, 27636, 42143, 38546, 95174, 177409, 3716, 16486, 139520, 86585]
[45758, 21207, 174459, 58352, 95666, 148537, 161549, 88051, 168039]
[12182, 202579, 101471, 139110, 194894, 141696, 90738, 183349, 75171, 97336, 140085, 146227]
[22574, 13552, 109167, 117797, 142133, 51217, 166478, 188541, 57246, 22799]
[100438, 105322, 84054, 82820, 154207, 164433, 158046, 46315, 44283]
[118098, 17174, 153499, 93912, 162463, 82682, 101247, 177430, 195730, 150666]
[64931, 121805, 24421, 10254, 159808, 147619, 141965, 93492, 45596, 141684, 67410, 50767]
[24640, 23914, 200361, 189628, 111453, 145691, 64435, 50148, 175195, 154850]
[143438, 192949, 188026, 124557, 38953, 46750, 185231, 126680, 138797, 107091, 103068]
[77526, 78237, 203989, 98158, 35739, 2734, 146938, 14110, 142792, 203784, 141758, 18920]
[43089, 149420, 10916, 844, 29048, 90988, 159950, 102151, 42032, 43995]
[48190, 58150, 136515, 119193, 52748, 28173, 9142, 35131, 97405, 22763]
[150961, 57505, 200147, 125769, 200054, 167869, 27360, 197327, 23902, 94745]
[94465, 143462, 199335, 36581, 114876, 78485, 61294, 107785, 47881, 135430]
[129220, 53103, 95950, 113548, 79735, 192477, 183315, 105812, 153017]
[22460, 32310, 121984, 153910, 58808, 33644, 84249, 13506, 126118, 152019]
[131019, 32127, 163692, 78306, 52454, 103152, 26882, 152511, 182506, 146707, 28088]
[186245, 45210, 83255, 11556, 32717, 80241, 139327, 41609, 178795, 190803]
[167684, 41605, 157568, 37778, 119049, 183665, 105385, 75085, 187024, 26121, 107653]
[63129, 106121, 65077, 145704, 147222, 147003, 62815, 147683, 138473]
[50200, 53330, 173874, 196818, 45066, 91324, 134976, 157349, 138146]
[125330, 73365, 163209, 110813, 97163, 201930, 115386, 194631, 34401]
[104215, 8895, 29293, 69734, 131551, 19484, 67439, 132460, 36276, 138199]
[60825, 79416, 11833, 170182, 13613, 4974, 200487, 86663, 6780, 103508]
[18555, 119109, 135111, 62527, 198621, 131820, 139642, 118595, 32856, 110359]
[176449, 48601, 84281, 137863, 63734, 101256, 161428, 164678, 114817, 22735, 50034]
[174466, 61860, 44698, 132002, 106523, 7901, 50053, 6702, 173121, 156280, 73982]
[87354, 11658, 155175, 110561, 175768, 41147, 123619, 28067, 124615, 66858]
[41390, 187226, 151689, 108696, 19468, 199583, 64230, 155358, 148511]
[164447, 69359, 68000, 150637, 44473, 178902, 85440, 193604, 89740, 15584]
[67519, 150423, 134216, 155357, 102260, 81785, 25881, 72848, 11191, 5569]
[185656, 37050, 942, 38931, 95499, 192212, 134306, 21118, 133696, 149603]
[44555, 70727, 187688, 135424, 189040, 35455, 29903, 197903, 87234]
[164317, 12648, 65564, 200972, 149416, 57772, 121791, 24233, 100706, 166835, 146707]
[97995, 29890, 19529, 40521, 157490, 107667, 33834, 115535, 124890, 46155]
[147077, 118083, 161055, 196169, 135808, 122828, 36246, 187981, 168116, 67572, 70944]
[130842, 17412, 144975, 4608, 20949, 197063, 98551, 111364, 170507, 193776, 81481]
[56679, 107122, 183013, 35883, 15626, 32323, 8544, 80244, 81166, 169967, 74321]
[135659, 201186, 191817, 97868, 14079, 40550, 151793, 112086, 110906, 53929, 44247]
[164457, 159302, 204001, 180683, 146527, 97152, 77174, 67783, 14909, 79028]
[141806, 24022, 156480, 140704, 200606, 865, 4839, 146546, 191846, 6488]
[123134, 136540, 19454, 97152, 107587, 37411, 138113, 48301, 202703, 160206, 190857, 189315]
[2919, 69668, 105420, 79763, 89944, 133402, 109002, 184560, 72349]
[119593, 8131, 129209, 194789, 172411, 100422, 177144, 107072, 52221, 126929, 6680]
[70794, 64840, 127441, 35023, 44918, 3356, 161222, 34585, 11352, 134744]
[84179, 94313, 147576, 151867, 195204, 129664, 122805, 154571, 67332, 147315, 119705]
[106036, 155265, 30446, 51631, 85691, 182377, 103292, 127717, 141783, 106812, 47116]
[20226, 65882, 100557, 136085, 43163, 203698, 98613, 94484, 92183, 190841]
[30570, 28965, 16168, 71582, 151898, 33387, 169735, 196111, 61776, 83719]
[95855, 139171, 114654, 106471, 31251, 192464, 94720, 140126, 5399, 13198, 176314]
[163612, 50138, 6209, 108174, 59941, 163937, 187277, 159718, 114043, 71917, 148465, 129800, 63623, 83523]
[183043, 182997, 173787, 12858, 45407, 5997, 56254, 34997, 187034]
[39396, 90124, 155959, 185009, 50090, 71642, 173988, 62950]
[84068, 109225, 38664, 106926, 63255, 19721, 116958, 152695, 36309, 27178, 41315, 848, 6115]
[85326, 73210, 202080, 38067, 87212, 10659, 140592, 196581, 55705, 85688]
[127399, 188758, 151894, 59611, 9588, 149705, 133199, 79112, 150602, 10890, 73922]
[130142, 117320, 157359, 124654, 58782, 168838, 161870, 179932, 93634, 166827]
[155096, 99012, 140863, 174485, 30, 120462, 139265, 202389, 48837, 80185]
[162281, 59522, 67184, 178296, 186274, 17530, 181800, 15142, 151197]
[190626, 1848, 167096, 6972, 78054, 114199, 65395, 63266]
[8476, 114120, 173308, 96110, 154920, 74398, 49995, 44050, 60155, 130501]
[4430, 148186, 43804, 193514, 186218, 188060, 23047, 128434, 94787]
[25316, 191401, 62835, 13651, 14910, 201578, 28094, 181468, 49192]
[17104, 27065, 148041, 17049, 174989, 45438, 146647, 84663, 58060, 12967]
[121038, 16604, 188533, 109072, 81332, 198586, 96035, 2061, 98480, 159541]
[169974, 20013, 174643, 4522, 61691, 291, 41627, 34673, 54217, 19189, 150556, 59253, 132666]
[62599, 146210, 61632, 76599, 182849, 169931, 56309, 52460, 94433]
[12621, 74403, 149199, 180012, 95399, 122585, 136295, 177704, 64291, 127037]
[164903, 149615, 168373, 192705, 74446, 151056, 4845, 105159, 132210, 46847]
[91672, 18225, 35709, 99021, 108477, 121353, 106742, 141542, 12186, 91357]
[173456, 177266, 153097, 55820, 107457, 178541, 185275, 33795, 95820, 13396]
[18288, 11468, 67366, 97810, 137111, 20278, 138921, 77733, 192748, 102513, 125128, 142486, 13010]
[47669, 16541, 22756, 74372, 153487, 169664, 132455, 181754, 4711]
[108452, 3592, 161256, 30949, 124255, 67855, 45751, 109586, 123653, 84100]
[20155, 65308, 21333, 193222, 85903, 132915, 63437, 59740, 176528, 56073]
[3609, 30616, 55477, 123252, 56451, 30381, 113850, 166583, 95458]
[101494, 140987, 73117, 170609, 26616, 72557, 166013, 85118, 128253, 176335]
[46311, 44539, 107131, 34174, 41638, 47527, 143936, 5547, 161786]
[21360, 163057, 116516, 146387, 128169, 179454, 134684, 143907, 195593, 131533, 179693, 19323]
[73202, 100980, 156742, 114205, 163535, 45211, 85937, 20797, 72170, 146934]
[122557, 63336, 78633, 119500, 173076, 115054, 90461, 18260, 66760]
[126536, 85277, 99184, 162903, 126867, 34150, 19795, 142727, 102246, 85843, 171587]
[59596, 48883, 124036, 71518, 88222, 123509, 59062, 94288, 174659]
[31507, 165304, 131481, 155651, 142014, 196670, 187323, 134568, 83255, 5510]
[163201, 115096, 189216, 27679, 27718, 52889, 53415, 102482, 101904, 48449]
[55728, 80212, 194944, 167210, 86820, 67778, 113152, 147791, 185719, 8457]
[150374, 49293, 80300, 182067, 89265, 169437, 53659, 39737, 170920, 27233, 168228, 145243, 67111]
[46736, 130669, 166290, 190226, 18521, 192196, 81468, 194621, 34762, 158330, 119535]
[108277, 116960, 81203, 116365, 9571, 34175, 73806, 144551, 128686, 73624]
[174371, 127398, 169484, 104958, 32507, 93119, 10739, 18669, 97770]
[34415, 145080, 77795, 117983, 191579, 88389, 176263, 130374, 23950, 70075, 75003]
[118162, 191677, 135025, 114173, 122987, 85967, 129983, 86206, 140532, 131508, 189871]
[123739, 29178, 110449, 43229, 43522, 21919, 112597, 14906, 187016, 184631]
[73167, 157973, 60919, 185431, 50061, 113557, 186111, 184976, 12781]
[198324, 44029, 194945, 190479, 96275, 133803, 120238, 153706, 85117]
[165615, 195352, 111480, 1047, 161694, 185451, 169898, 55687, 88024, 182736, 87037, 100451]
[21772, 153541, 189231, 20814, 15296, 123669, 130586, 64480, 2667, 57182]
[168692, 80434, 201508, 116351, 138244, 36877, 163371, 12402, 38093, 127104]
[12814, 31780, 185228, 105693, 91560, 164772, 124912, 177958, 98988, 140014]
[177701, 128192, 112713, 33214, 148675, 8557, 184601, 133243, 59248, 91654, 67829]
[103059, 7168, 59221, 203454, 29739, 6465, 40623, 24032, 180733, 35916]
[175081, 88106, 4658, 178126, 70090, 77606, 119752, 193977, 53182, 108876, 103791]
[53514, 99720, 95005, 188171, 125186, 74313, 84443, 182083, 131910, 151773]
[202198, 83695, 189644, 82836, 53642, 88696, 133632, 189458, 42061, 78101, 168932, 157031]
[187149, 62593, 40593, 132055, 152512, 3210, 31185, 134673, 159489, 164619]
[140240, 141117, 99739, 120827, 1782, 103917, 198159, 119219, 171240, 179863]
[200247, 189978, 159635, 22376, 73979, 103886, 135453, 45982, 104578]
[120373, 79091, 177690, 174091, 129720, 70944, 199719, 5524, 14969, 109010, 94565]
[196917, 55409, 4190, 30264, 47781, 137023, 18285, 51958, 122299, 176385]
[191839, 72132, 61104, 146880, 134052, 147098, 180991, 34186, 170346, 146735, 95658, 41548]
[126331, 143168, 120612, 72207, 56923, 129979, 126328, 181764, 71855, 111012, 7659]
[130328, 151329, 167612, 193323, 151545, 180342, 19398, 136417, 133383, 169429]
[194967, 201685, 117309, 28563, 24504, 134452, 127113, 160858, 170982, 47818, 61170]
[86809, 185149, 9544, 148650, 72410, 105678, 5405, 40239, 168016]
[50758, 75093, 153075, 73476, 13105, 168421, 147632, 113964, 55228, 142930, 113123]
[158589, 116870, 135422, 156381, 156202, 157816, 55936, 154491, 37442]
[135501, 88126, 189113, 105472, 91187, 198529, 126777, 60118, 30562, 103012, 7555]
[166532, 126635, 11266, 175473, 55905, 178160, 18124, 185476, 116476]
[17113, 144996, 132825, 107935, 169338, 138172, 79773, 37760, 112345, 138799, 4650]
[111379, 201804, 68954, 88826, 135622, 39340, 34600, 106800, 59598, 20528]
[31200, 120829, 146168, 119808, 182449, 23038, 1074, 113700, 78013, 166906]
[80365, 37934, 139998, 149541, 155423, 77711, 91407, 12117, 28251, 159965]
[32820, 100169, 69545, 54399, 35810, 132683, 134146, 199662]
[137007, 53670, 50440, 202775, 14268, 105764, 150792, 125271, 21189, 167429]
[120411, 156590, 58294, 100021, 110219, 167771, 91796, 151479, 53567, 145923]
[66277, 13702, 126181, 126837, 23616, 146464, 7397, 109265, 141393, 7774, 20467]
[52881, 53288, 139176, 109684, 78623, 77719, 176723, 55370, 164026]
[172321, 109516, 170459, 34866, 129012, 24035, 193086, 149713, 153840, 89761, 177885, 113731]
[147128, 31713, 171525, 171261, 97665, 82689, 96506, 92888, 21347, 178734, 196593, 105521, 45480]
[14441, 143644, 83305, 22007, 49541, 89809, 121708, 178449, 191058, 17592]
[71007, 143545, 185962, 106567, 105752, 99635, 202382, 17984, 178633]
[1854, 116394, 49519, 202799, 156298, 76834, 40420, 97582, 154488, 42618, 43082]
[80697, 150299, 88321, 93980, 42084, 199331, 137595, 12402, 58582, 115517, 156502, 176859]
[54746, 30191, 33307, 23255, 27853, 11429, 72085, 155860, 140576]
[153939, 71059, 171100, 104335, 14735, 163260, 52663, 111388, 67044, 85638]
[62453, 30967, 60892, 21508, 71582, 35448, 187665, 30242, 147085, 117016]
[919, 113784, 64247, 45411, 115122, 83994, 159944, 38366, 113899, 171503]
[105800, 55174, 76859, 123434, 29041, 24685, 176878, 169836, 51780, 145416]
[105835, 62472, 182050, 117402, 196590, 39494, 194080, 1552, 24932, 152960, 87006]
[175876, 8987, 89315, 156109, 137218, 66243, 66761, 101626]
[137036, 128616, 176154, 81659, 124582, 7036, 126049, 190702, 144397, 201945]
