8980
1247
5666
9806
9924
4728
1421
8361
5633
6437
6807
305
529
1699
7286
10685
3683
5727
1401
8157
5395
9957
8884
6875
3266
7327
2792
3595
7109
6685
11047
11203
9217
8577
3217
8906
11040
6921
4888
4559
8386
3602
6729
7741
8449
2354
5031
4903
9618
10570
7723
6509
10124
1625
6016
2279
4326
2457
11281
5581
1134
9045
6518
2675
6800
10242
10737
6979
7644
4608
10116
10803
2550
5259
10404
11048
3362
11004
4560
249
358
6529
6788
8987
2226
7150
2470
4754
155
791
646
10584
5043
1974
121
10287
8491
958
631
8434
136
2479
2856
7358
6055
3778
1077
453
3157
4212
8189
365
2078
3194
1847
2710
551
10612
6198
3659
3305
3331
10387
8720
3991
5462
3718
17
10177
1888
9387
4134
5158
3789
11226
6795
908
5277
6751
4822
9431
4720
6676
11037
1903
7124
862
8191
443
10783
5323
6379
2242
2464
2791
5642
10173
7714
6615
8414
1411
3250
7779
729
7257
3639
9643
3834
7301
2845
10621
8397
10688
5567
2739
2881
513
10457
7467
867
10332
8990
7597
11329
5112
890
1739
4946
3806
5247
3587
1918
3125
9868
2697
3307
1755
4103
5208
5917
144
2449
6059
3093
3749
7091
3605
10443
4096
4124
8874
5506
5236
6416
7562
4893
3433
10798
1865
2659
9601
1192
10745
4205
1194
1693
3642
3346
2102
668
4511
6012
10791
5222
1107
4695
10376
1743
10465
5550
6909
5987
2021
10722
11216
6009
4726
2029
10137
8806
5675
2160
8643
2866
8349
256
7233
3829
5187
3475
7145
3430
3477
6562
7293
6180
8727
8415
10097
981
3300
4008
7438
5843
5198
8312
4857
8701
9119
3553
4165
8255
3801
3757
3436
3980
4050
10278
3366
7756
10553
4991
692
11056
1745
6959
2356
172
4440
9482
9915
10532
5555
6503
9890
9478
5053
1125
4074
1485
11091
652
1822
10206
4901
2912
2812
6241
11081
5189
2483
8885
7552
2646
1846
6013
2529
388
695
8342
6610
2671
38
1458
8363
11143
6511
6984
3078
10375
9976
9843
10877
5172
3230
1688
4100
4490
269
10597
9237
1383
5535
10598
4585
1407
11287
146
9315
4331
9196
8743
8901
10771
2142
7395
10944
3404
5495
5899
11206
3879
3423
5287
3385
4600
9998
3960
3530
50
6292
2934
5932
4234
8259
1958
4197
9520
376
7320
7938
9844
9955
2949
1831
10989
5732
3685
1942
3253
9429
8217
9753
4653
363
5111
6677
8454
8873
8864
8203
583
6957
1506
3647
5230
2350
2152
484
5802
7178
4091
10154
32
644
9939
3513
8947
4228
8450
2419
3599
1028
10438
8867
1991
4241
5098
4063
274
1415
5616
9671
5327
3285
5452
1233
5686
3945
10633
7987
4093
3287
2504
6260
2684
403
4697
4438
11241
5922
7323
9233
8139
11154
9317
4464
4402
10434
5304
5712
1356
5568
11022
8610
2500
462
3712
10021
3744
7984
433
2694
10608
6030
3869
481
0
6834
5946
445
10641
3759
8492
10031
2570
2960
792
6861
6711
4934
614
2155
4971
10529
5861
7986
7844
11090
4540
6269
6006
7262
5456
8904
6149
693
11282
1260
9012
988
4578
9059
4658
7458
8331
4455
5343
827
5908
7361
3998
10406
326
7595
5557
4224
4920
8113
10069
5399
2307
8707
11270
4061
333
5750
8540
765
5029
1061
728
2726
10521
10852
3448
7616
3975
10939
2514
10888
703
2159
5818
3520
3918
5768
10919
1995
10489
6908
5012
738
9299
1006
5302
8082
964
848
8858
5268
6845
574
1861
4019
2488
3209
5061
7460
2096
7583
6329
9807
8458
4846
208
1058
8368
6476
10870
10886
2721
5882
9200
5696
3123
8832
10932
6039
2531
8776
8945
393
8355
63
3450
4881
971
8836
8862
10890
3684
4586
9246
11059
5309
7992
6394
6035
1258
8723
4159
332
547
6941
9213
7062
5374
5487
527
11300
5777
6782
4423
6219
10380
3847
598
7935
8907
4414
9552
3278
6177
967
8158
5516
9103
9973
2379
5587
8323
9432
5667
1893
7237
2858
9376
4373
4787
9779
5308
1685
5832
6803
9651
4713
6609
113
1178
2478
5968
147
2373
10023
7420
3603
5071
4880
10286
7565
8453
2746
8053
4497
9070
1316
10141
8383
9272
10333
1341
5322
3619
4528
9594
2737
6050
6935
3320
11137
5492
10187
2115
10847
1709
4766
4286
5113
6542
3665
4566
7604
224
782
8073
2260
2437
3964
6268
8300
9819
924
10179
11172
4339
382
10758
473
3155
1362
11183
24
4683
3243
251
28
7434
8960
9877
1954
4160
3211
7648
10950
3963
725
9599
3537
6174
4595
10912
1143
6216
6743
7814
3880
7632
2712
5652
2701
10354
7636
3407
9721
3542
3293
6395
719
7483
4183
3989
8650
5628
9825
4452
4816
6922
6536
7056
10959
4320
5196
8124
3444
10729
4148
6408
6691
2372
3590
2194
10857
7135
7116
7996
2925
10274
5710
8820
7073
4481
2578
1646
246
10940
10961
4808
5825
3479
3632
905
6454
3798
1186
3769
4040
3295
7743
10304
7578
5926
6859
5617
716
5687
1594
5294
6772
9540
2772
427
10931
735
5502
5332
11319
6036
1650
978
5449
9766
8485
7626
8639
3911
6576
9797
2533
9292
9066
7520
3052
7106
1486
6322
8341
10364
3951
7211
2984
2364
4029
9023
9966
8677
10547
8979
4138
5027
4525
1363
7678
9204
7234
824
1461
2841
5411
7007
9332
10703
10887
168
477
2937
10563
9920
4705
6608
6639
101
10
3631
2238
7307
2289
3434
323
2191
7191
6599
1248
11209
751
5414
749
1118
1670
9304
10105
11218
2713
665
9219
8753
9159
4907
7735
9271
8471
8029
5184
1510
5307
3060
8933
212
4606
4909
7775
7465
5632
9325
6130
4549
1635
7780
1573
1946
9082
4875
5225
11175
10468
4779
3259
6568
4515
895
1796
4394
11058
66
2608
10412
6967
8941
897
3909
4891
2644
4246
10218
7187
1040
8052
6148
6976
10879
2764
7407
449
8180
5660
9073
7242
1305
4021
11015
8912
7343
9123
8232
416
5300
7553
3367
807
7118