8450
9479
10133
7319
10819
7688
3035
11667
8479
4299
9698
1593
8626
2022
7296
3728
3024
996
9628
5101
9710
7639
2441
4872
3534
8103
1541
6178
9594
9322
6782
6063
10660
6925
3085
9768
9819
9913
3744
1801
6710
9175
10691
6571
681
9548
4396
7772
3566
6957
10842
11279
2642
11561
4467
7631
1310
2010
11163
9395
11031
10714
2756
11498
3454
9869
6612
5746
11823
2329
7907
7369
7383
10698
400
8028
1595
2285
5084
1206
8228
8368
4949
8178
9572
6765
7959
8090
8630
962
9259
6543
2984
1702
10465
4276
11419
5235
3102
5157
9917
1939
9789
10176
10719
8767
8661
7751
7127
4353
1589
1173
6138
3440
3259
9988
8966
10135
8666
986
2170
10409
3021
5234
6315
7031
6397
5196
5676
9218
6423
9651
9527
10139
1773
2616
8318
11294
2226
6920
546
2274
10802
6094
4101
7472
8399
5333
2991
9036
1654
8459
11534
6028
781
8781
4676
208
211
679
6218
2352
8454
4004
8574
7984
4674
1313
8598
187
2678
10077
4305
10510
11197
2768
6132
5950
1560
7222
4238
3037
8573
8331
3934
5741
8674
2572
6555
7949
11727
2039
11723
8739
5307
8146
1072
3369
9497
2050
10656
643
11609
5122
4034
4350
6799
10761
8458
9226
5268
10362
11371
4188
7779
6235
1489
1763
5469
7967
6024
11870
52
4393
3435
6998
7841
5840
7567
6593
11395
8718
10017
10363
3933
11125
5294
9429
5717
9083
11678
1198
5918
6250
10674
1969
11388
8200
1303
1884
3793
9759
367
3704
11781
3546
9991
6215
4721
9000
11394
7679
707
4025
7364
8121
3135
10292
11816
10957
5304
3038
2577
10275
11304
10213
6718
7553
2473
1624
6443
655
11613
10850
11753
4893
10717
8286
7599
7577
4246
10244
11117
8656
7623
5955
9352
3900
8631
4215
2223
1190
4065
6529
10456
1853
3497
2378
8602
7255
4266
2464
11183
6213
5525
8943
5355
5371
3980
858
1782
9109
7536
6299
3683
4358
4373
4452
11223
7126
9751
7226
5656
4927
4789
3717
698
4097
6007
6237
7531
4385
5338
7460
4594
11846
2288
3490
4852
7998
5394
7359
7691
6669
1112
9800
9010
3611
9353
3623
10088
4336
10937
2071
5677
4855
11824
2824
3046
1314
4772
8877
10037
7969
990
7694
1296
564
11848
4259
9893
955
1262
2399
1211
3661
3033
1787
10626
7801
440
8083
9855
11776
4787
10843
519
4111
7608
4926
8190
420
7975
7978
8516
11203
5990
4083
10085
10290
629
11043
8172
7345
7463
1081
1592
9205
11541
7191
1513
6447
11461
11535
6001
3352
6674
3361
2543
2588
6699
5027
5754
1564
8577
5161
7414
3637
3804
442
2617
1966
10568
9178
2258
8297
3050
11340
3618
10788
6644
5442
10235
7203
5986
5629
6246
6462
4370
11565
2240
3521
713
4865
10385
5353
9127
8685
11806
5076
9117
6486
3515
9042
2703
8363
5908
1168
3160
3480
7727
8801
3571
3979
4552
7881
4747
571
3529
4284
4505
7622
10369
11302
6059
5618
7561
8245
1315
6923
958
6073
5300
1036
5289
10689
9007
1891
527
2423
9325
11153
11275
2257
2898
4999
3464
6597
2093
10227
6459
7829
8067
9664
4492
4764
10889
1591
8155
5240
4520
10948
40
7747
4835
1429
8871
5489
3359
2933
3757
68
10831
1571
3978
2757
3569
4073
4297
11480
667
2498
3648
6270
10411
6835
6014
11830
8884
942
8581
6208
11196
11423
9696
6616
8488
143
3115
5599
6460
7165
5793
4748
4218
10382
4079
3020
663
86
10796
9575
354
590
7512
11314
10001
5176
10590
8350
10190
4078
8744
4804
8023
1528
9387
3518
70
9309
4555
9021
11075
3828
4319
10467
6137
6629
5499
1364
812
9404
10384
4564
6298
6102
11861
10588
7681
3745
2402
1971
714
3482
10175
2909
6122
2833
908
2186
8604
3498
3791
4080
11588
2896
506
670
8546
1311
3416
608
840
5350
8648
6580
2259
2911
6410
10938
6961
7926
739
10993
8651
6333
6201
9253
768
6624
9553
10267
7739
2711
3376
3560
9892
6465
2338
6703
1320
2343
7111
1397
9609
8751
505
2450
5288
3700
1239
11540
4597
7461
3562
6963
8064
1163
10560
7526
7239
1898
3384
370
6344
5218
9512
1761
3466
8203
933
3017
4690
10374
6908
9448
1879
1521
10836
195
8806
11624
6259
5915
1056
10319
9125
2397
4449
1706
548
6864
11265
364
4487
9842
11500
3004
6473
11843
3039
11160
3163
2509
2386
10166
2062
7110
5822
6827
6895
9459
3089
8253
7579
9530
10602
922
10138
10781
2579
1181
9809
3894
3367
4451
3418
10146
1636
8148
3360
1474
10355
1805
6376
3825
10320
3118
6993
4849
6415
2744
6382
6091
6173
5576
5775
220
6442
8847
792
5635
10192
7494
4447
10675
783
3161
4733
748
11276
2347
4953
1117
7929
5498
4749
8619
499
8541
1236
2963
6166
6933
5728
11649
4057
2252
9915
6643
7355
6995
1387
9677
938
6207
11428
504
6282
11224
11854
721
6554
7807
36
634
2465
6653
642
4497
3327
1927
3150
9582
1075
2178
8310
6467
6008
1987
7000
5138
9336
4427
5287
1360
334
10089
4945
3177
2633
8391
10273
1520
6951
9393
9458
474
4223
570
8260
5768
1985
9098
9805
11324
11679
6041
1837
8560
528
4962
9906
5736
11468
10941
3463
10940
6852
5621
4705
1277
3553
2791
2823
5889
5264
2381
6711
6551
6900
8605
8398
1679
2270
11214
6332
2797
2249
11728
5560
11833
9251
10978
10045
11120
2200
7674
4560
3095
2236
4303
3292
7174
9668
2097
2213
4973
2767
10101
4899
10248
3561
9612
2289
11536
11530
315
5445
10114
161
2883
731
7948
107
4829
7437
3156
7884
7668
1575
9249
10439
3765
9803
9170
886
5451
6162
1297
3212
1062
8918
875
2193
11491
633
9074
10610
6722
2899
7504
3533
9963
4072
8056
2759
10269
255
11581
8167
11697
8333
10695
8878
7991
8518
3786
5712
5129
9394
11130
4469
8785
8234
4583
3196
10127
2278
4513
9039
1551
2385
9399
5281
6268
5118
2444
1752
2594