[39906, 181315, 151308, 45472, 267567, 180257, 206000]
[217838, 9779, 16957, 54385, 233152, 117863, 183273]
[44837, 261037, 172647, 284304, 220000, 104512]
[234465, 89357, 115053, 227495, 213941, 274464, 102970]
[285018, 221475, 156434, 145896, 268378, 115267, 215353]
[247724, 270377, 75329, 161001, 156922, 247150, 208292]
[52000, 192538, 72934, 138455, 78643, 178612, 36315]
[208593, 85623, 217625, 223347, 244626, 147466, 81629]
[168307, 107593, 145940, 7977, 11469, 208941, 217238]
[71251, 228817, 79049, 152158, 4973, 25333, 20688]
[161403, 63185, 3878, 271724, 30687, 20215, 269912]
[4383, 79334, 91414, 235459, 193774, 120903, 34490]
[14512, 101026, 134813, 262078, 11704, 66518, 102217, 59119]
[86748, 17661, 198359, 117098, 105781, 106615, 279067]
[127724, 174807, 118988, 572, 60445, 132314, 165072]
[121268, 217469, 29085, 168869, 216038, 154309, 85623]
[151055, 213658, 60904, 227991, 27588, 198342, 215333]
[262124, 14198, 170361, 204147, 71749, 78862, 89319]
[180575, 246868, 211702, 269267, 45156, 170343, 104018]
[248931, 23353, 232227, 116474, 122712, 233653, 91042]
[268735, 178162, 87672, 92217, 16440, 238950, 27754]
[243108, 163603, 28505, 55675, 158281, 121806, 167904]
[114789, 61396, 100016, 86307, 105840, 56173, 131301]
[166677, 189370, 4620, 78385, 193896, 98997, 119979]
[226923, 115380, 131072, 131996, 283972, 176199, 167571]
[205318, 242008, 156603, 109874, 59701, 85091, 38169]
[134571, 38212, 54206, 116554, 107082, 67284, 21387]
[144352, 192393, 167114, 35442, 150266, 55782, 177624]
[221116, 191593, 64675, 192318, 151238, 64955]
[281794, 181622, 69131, 276578, 91727, 267197, 8195]
[231480, 122557, 165984, 111231, 228660, 109770]
[111284, 209986, 233399, 197784, 279292, 269301, 31404]
[105621, 128264, 238017, 186998, 166362, 265999]
[155429, 278459, 113725, 133281, 264170, 121646, 120228]
[109973, 127379, 129619, 107734, 248215, 159712]
[22167, 55843, 222703, 75423, 5524, 142095, 177764]
[208121, 161717, 36013, 130382, 47526, 20869]
[58323, 156844, 93212, 89986, 199719, 166066, 79456]
[284330, 241681, 84672, 59076, 192439, 80939, 12432, 22253]
[266966, 211522, 85495, 216035, 1233, 46666, 267631]
[208368, 223513, 98519, 165515, 103378, 54040, 131200]
[143688, 8632, 44272, 177138, 146721, 45033]
[4688, 138605, 279782, 284838, 68563, 236660, 108937]
[175846, 188787, 124141, 109556, 169207, 108343, 147204]
[126722, 112984, 1617, 201353, 93918, 189833, 135505]
[264307, 62679, 134317, 12062, 124149, 234262]
[254042, 94384, 58614, 183430, 117945, 62149, 104102]
[262966, 148915, 11637, 163568, 213685, 270529]
[283966, 283659, 262518, 18660, 222638, 48196, 116732]
[167366, 75218, 68880, 15514, 185680, 229716]
[130942, 1027, 20625, 112429, 286308, 135309, 270401]
[77430, 115171, 32913, 283749, 63726, 135734, 163152]
[130016, 8776, 45309, 179717, 170467, 105149, 174477]
[39460, 181968, 126270, 255607, 131006, 105191, 80144]
[200340, 85917, 12897, 150330, 142039, 189531, 234361]
[260455, 142869, 140881, 169738, 182786, 43419, 178184]
[275540, 80013, 14793, 118808, 119832, 255506, 13876]
[86212, 192987, 123831, 15414, 18, 218708, 190275]
[14264, 120294, 271768, 82246, 94737, 25369, 219561]
[178605, 214778, 157907, 19674, 68972, 159099, 187552]
[255557, 251023, 145283, 200625, 192213, 232410, 174622]
[284929, 196796, 22192, 40332, 31621, 146506, 149086]
[238675, 266619, 142570, 14512, 170976, 26478, 189072]
[94725, 235573, 127950, 10451, 243067, 177849, 135185]
[157449, 259626, 172784, 73835, 278641, 129967]
[10684, 184006, 273305, 24496, 160955, 33973]
[23310, 87263, 110355, 243733, 127211, 80475, 22527]
[69105, 186180, 112661, 125382, 7981, 184578, 63846]
[221070, 160400, 23622, 32206, 169671, 258639, 30876]
[27143, 283461, 165535, 168580, 219071, 18397, 59555]
[128618, 79645, 102709, 161955, 238728, 67084, 242686]
[202534, 270678, 155087, 6677, 33857, 267783, 207261]
[87077, 188240, 182299, 99943, 282654, 193278]
[81006, 280835, 286249, 12578, 267383, 2042, 110406]
[156193, 31093, 282783, 283601, 29085, 117888, 146781]
[169913, 255750, 204623, 193137, 40274, 279145, 133093]
[10651, 17528, 222122, 225997, 171977, 175584, 16879]
[184894, 217027, 141538, 199036, 123111, 19144, 253937]
[285024, 141257, 104904, 197689, 30965, 261064, 176520]
[76131, 178800, 266344, 181364, 60589, 231599, 91457]
[139961, 153201, 169877, 53942, 186633, 217724, 150846]
[30874, 211492, 3645, 37711, 79326, 190994, 4714]
[75944, 237455, 55783, 115323, 162303, 156166, 242103]
[270502, 87900, 257715, 143904, 42141, 268269, 42918]
[170329, 115827, 144907, 190272, 87585, 193609, 221928]
[106269, 175770, 67686, 54689, 152532, 137177]
[163628, 209364, 117284, 146135, 243348, 7180, 25026]
[258361, 72326, 78013, 126855, 200595, 265612]
[29579, 138870, 12252, 15157, 100977, 43611, 785]
[149873, 103796, 8051, 919, 237896, 286731]
[62547, 133128, 102762, 244756, 126831, 23215, 91049]
[113191, 197595, 147055, 36587, 189509, 54034]
[198917, 215795, 250060, 124171, 244231, 86812, 180886]
[86461, 244361, 109055, 113363, 105386, 204665, 23026]
[239485, 133862, 127655, 276807, 180101, 163140, 142484]
[154138, 221515, 209162, 225813, 138256, 166285, 259977]
[110221, 132760, 205077, 80995, 214136, 75915, 114903]
[70216, 228341, 227739, 255879, 93613, 182722, 282251]
[226336, 143400, 82496, 52688, 7872, 153860, 186411]
[111359, 116232, 28969, 206542, 121558, 37980, 120630, 129301]
[105465, 247797, 242507, 189640, 219518, 179765, 22913]
[182010, 51030, 169421, 216734, 88727, 13674, 166676]
[23529, 176071, 170645, 193162, 52826, 31298, 174394]
[271526, 244060, 276454, 125164, 210444, 81078]
[222123, 240658, 97677, 227423, 47580, 202315, 266919]
[22913, 126454, 230757, 95489, 75653, 128937, 217696]
[277675, 238962, 132417, 124138, 160866, 144800, 43622]
[245709, 166049, 231512, 26373, 100986, 46769, 90935]
[173178, 224243, 5403, 280849, 15272, 94000, 150562]
[211461, 212472, 45499, 3242, 343, 116208]
[71641, 233852, 73259, 109907, 10360, 70130]
[230134, 211181, 39936, 24033, 173263, 23984, 35782]
[53440, 84683, 86841, 75948, 21299, 280123, 157052]
[247533, 271088, 256946, 165903, 48348, 169854, 171983]
[97941, 285866, 6786, 147402, 157102, 248815, 238888]
[180227, 196190, 267364, 145597, 52330, 251028]
[248960, 50351, 62278, 156024, 167219, 152958, 104316]
[210182, 144490, 28668, 57488, 140627, 2130, 45478]
[83464, 222951, 286118, 28704, 125108, 156530, 84609]
[135884, 85904, 230007, 33291, 257669, 196763]
[223262, 88453, 97677, 237047, 14387, 261773, 181122]
[231759, 41762, 128697, 285196, 234996, 263454, 13325]
[169607, 241701, 107764, 25841, 227799, 140343, 29226]
[200354, 251813, 12739, 211901, 70892, 223699, 274320]
[59546, 240204, 34917, 120988, 134722, 11536, 170583]
[142124, 106411, 217369, 159325, 2938, 23822]
[94179, 148794, 69003, 124598, 220068, 136197, 279706]
[190810, 260749, 32996, 263134, 274749, 3360, 24043]
[272069, 284253, 237910, 183601, 236580, 156712]
[181079, 416, 250755, 108229, 282651, 39987, 60677]
[36993, 152509, 133619, 119190, 144739, 106609, 10325]
[191785, 262239, 5334, 255949, 77579, 285459, 69377]
[269219, 127992, 65536, 97554, 17415, 84159, 189486]
[116504, 261039, 115010, 61381, 123217, 4129]
[64389, 156443, 225730, 197838, 226826, 130870]
[222831, 275032, 79888, 38060, 64580, 116294, 88835]
[125721, 249103, 54061, 66077, 238764, 81091, 136781]
[214256, 115108, 27137, 211870, 265798, 40580, 44626]
[272287, 121237, 286885, 138562, 89863, 181292]
[78745, 5956, 149911, 83711, 3255, 284197, 101960]
[95970, 133183, 74577, 196633, 219572, 77237]
[281811, 150362, 103856, 189834, 137557, 214533]
[199256, 218464, 275022, 211387, 286961, 281349, 166220]
[162290, 78931, 163059, 237226, 191825, 175677]
[188335, 26391, 259777, 260422, 75723, 183246, 179633]
[148304, 68171, 169503, 83848, 154413, 64974, 138476]
[175913, 31425, 51005, 39401, 241801, 68060, 188872]
[264899, 74679, 144969, 275909, 106399, 267933, 232142]
[30260, 163471, 138977, 161370, 69793, 260079, 233583]
[89167, 200536, 276527, 81580, 138188, 198534, 213749]
[19851, 234604, 16212, 174472, 194332, 258466, 199568, 12780]
[231482, 50582, 176825, 159863, 201614, 39399, 24278, 262860]
[146325, 160329, 219532, 40830, 238783, 8321, 238761]
[260954, 110932, 267952, 78112, 167750, 110393, 22203]
[53222, 238450, 225025, 48397, 76277, 175933, 77394]
[261730, 104678, 99103, 34292, 42950, 192274, 14555]
[257525, 177597, 79227, 16962, 138248, 109503, 8611]
[3365, 63536, 112539, 236377, 68878, 40541, 279454]
[106267, 98411, 253282, 50938, 36164, 107088, 147738]
[210199, 270898, 272527, 26684, 279816, 202290, 155079]
[248555, 239892, 190053, 128812, 273443, 191307, 44562]
[117081, 222373, 30124, 248303, 283406, 105771, 208519]
[173990, 135326, 82738, 68314, 27489, 175761, 246249]
[281003, 190804, 261897, 239276, 60710, 64748, 138914]
[281922, 208578, 102917, 102059, 229174, 272647, 30597]
[176564, 94250, 59954, 177961, 39975, 159381, 231293]
[206837, 204916, 103657, 18248, 6919, 215491, 267190]
[257644, 78659, 97362, 144931, 282254, 87156, 95202]
[116315, 65679, 158741, 186215, 174730, 32005, 266154]
[194528, 199187, 268911, 225840, 99815, 219746, 28459]
[150102, 108300, 121902, 175521, 45883, 275452, 57000]
[73842, 233503, 246384, 161932, 53840, 82887, 90027]
[172248, 239186, 90687, 71373, 199237, 256811, 173371]
[99491, 276215, 67299, 36932, 163358, 194982, 150259]
[133622, 140377, 284515, 75928, 169256, 56843, 61578]
[274725, 93972, 200030, 41807, 230419, 274352, 167269]
[156859, 16008, 130471, 169150, 110786, 173676]
[126493, 48972, 129847, 268357, 178189, 256245, 56451]
[186213, 62990, 269004, 110188, 135339, 31969, 106914]
[96405, 281657, 66385, 134519, 110063, 26346]
[4156, 73472, 50821, 106544, 45359, 205522, 84974]
[89957, 127067, 182289, 40302, 109009, 258374, 68278]
[53281, 265406, 212872, 204362, 40447, 142459, 185095]
[89949, 91225, 197295, 107626, 27972, 88400, 40113]
[236541, 110168, 277119, 169388, 152710, 265993]
[276635, 84612, 99844, 41107, 257886, 9405, 36443]
[194889, 130406, 146070, 156355, 66400, 262500, 2000]
[140103, 265847, 181570, 159727, 258650, 12083, 136323]
[207659, 63646, 141792, 175471, 120401, 109148, 7164]
[70233, 140050, 21700, 43442, 32727, 187501, 95194]
[107513, 141292, 188550, 61307, 54154, 108620, 159285]
[180522, 214774, 261568, 207951, 118454, 10071]
[108460, 35657, 11171, 286529, 186467, 209571, 57991]
[117532, 78680, 281378, 51582, 95379, 121696, 252320]
[30353, 67152, 162387, 43692, 24020, 109813, 55227]
[110142, 155595, 82466, 29020, 165883, 6017, 207934]
[174535, 10903, 81680, 198210, 112866, 213156, 44371]
[118075, 161845, 39281, 269628, 114932, 182295, 98219]
[5701, 212091, 280403, 202660, 226500, 199242, 48279]
[219244, 149385, 73455, 49216, 276879, 131277, 224129]
[136130, 187275, 156860, 93865, 150564, 25177, 282937]
[176576, 224039, 1189, 78838, 47196, 101984, 285012]
[221756, 260695, 69525, 280927, 40784, 76380, 77047]
[172703, 31747, 200066, 54851, 190535, 281507, 43234]
[124245, 147365, 84398, 248847, 221400, 15789, 138303]
[254445, 199563, 35958, 80968, 90915, 246743, 134784]
[49476, 65438, 218323, 197859, 128316, 240186, 215267]
[188256, 190957, 126788, 96221, 209796, 246545, 36477]
[214601, 249990, 35871, 100897, 167656, 210662, 23313]
[280334, 240502, 27963, 169523, 172307, 254091]
[214252, 167310, 225478, 263880, 124363, 215532]
[174463, 252316, 144768, 114002, 55468, 275091, 284967]
[82319, 172003, 172771, 231224, 132232, 154230, 163221]
[189852, 132633, 275231, 90375, 84597, 273566, 233935]
[283162, 123833, 241346, 189401, 276610, 256070, 64567]
[196079, 281805, 118508, 57585, 38953, 271873, 120479]
[31768, 109660, 186036, 45288, 7179, 176332, 106054]
[101882, 176242, 80549, 277032, 135348, 3537, 192772]
[52446, 64400, 53777, 114142, 232942, 233192]
[69137, 220829, 154365, 238076, 75119, 123122, 265741]
[169782, 15515, 280510, 266593, 267490, 200129]
[207581, 22959, 154258, 37946, 58715, 106166, 61628]
[39855, 211263, 42681, 145692, 32405, 105663, 100492, 226458]
[248765, 259012, 184605, 184679, 69749, 154977]
[129058, 204295, 85587, 272301, 234510, 211131, 176411]
[28349, 256072, 87679, 193882, 75630, 34124, 198061]
[18995, 139597, 42045, 248878, 37091, 53754, 68042]
[99097, 226785, 44970, 279186, 127365, 111864]
[234649, 32364, 83332, 109133, 3870, 101853, 25782]
[208339, 133523, 263775, 234599, 152639, 148733]
[223663, 279047, 162771, 109234, 191100, 259155]
[185300, 47539, 105204, 200611, 168543, 238763]
[191666, 250789, 194703, 165367, 156004, 216022]
[237878, 34193, 135492, 220845, 147093, 248053, 80437]
[166400, 37388, 254794, 42535, 204598, 163964, 85661]
[50771, 202710, 24848, 12229, 213048, 275430]
[14996, 110286, 210351, 181381, 262590, 14545, 73768]
[68672, 276796, 74224, 130226, 115942, 96842, 112245]
[16401, 48112, 238947, 271324, 284964, 123353, 285280]
[79098, 9386, 19514, 123716, 197566, 208468, 56126]
[129424, 203074, 217480, 143734, 111914, 109650]
[241550, 14106, 271188, 168115, 150136, 130409, 285273]
[14535, 279948, 11663, 241398, 105188, 164110, 162489, 158298]
[9145, 6924, 223134, 179426, 55452, 187532, 127255]
[9377, 168345, 52276, 248468, 37794, 230892, 85775]
[254329, 271767, 248778, 151818, 59574, 37011, 95071]
[286261, 126457, 26207, 240629, 140269, 218876]
[84471, 132772, 227275, 87516, 109679, 110142, 201286]
[138532, 32930, 42386, 63259, 37982, 85689, 242623]
[114563, 8383, 266826, 140708, 253168, 256578, 166193]
[98873, 22096, 94671, 208429, 260823, 198467, 68376]
[47638, 97470, 123528, 274344, 40093, 239997, 228580]
[48035, 140414, 248534, 23247, 66635, 148593, 122711]
[181633, 56732, 246529, 98911, 148137, 200879]
[133988, 165006, 273025, 8173, 193090, 207589, 205287]
[123333, 167185, 281520, 226599, 65416, 230619, 258074]
[103826, 134615, 79626, 32323, 160087, 185608, 235644]
[17702, 237155, 267658, 186303, 26795, 189824, 271760]
[149725, 282085, 217923, 182392, 45506, 128708, 190186]
[127065, 140643, 73564, 60624, 217327, 286541, 188927]
[191768, 207800, 84984, 36586, 173348, 186480, 198789]
[27123, 255081, 222986, 187521, 186862, 51299, 83102]
[249052, 52399, 219735, 19400, 63218, 132379, 220137]
[144387, 134415, 182452, 24881, 202064, 20917, 17617]
[161169, 219729, 237842, 68195, 89855, 49653, 50513]
[150116, 277862, 196654, 62786, 159160, 111230, 238429]
[27259, 45487, 110680, 41068, 244645, 212372, 166848]
[201252, 162816, 88804, 188744, 57120, 103743, 10128, 222546]
[201848, 15007, 5057, 113202, 261148, 183812, 14895]
[76170, 48119, 28825, 279006, 224235, 74271, 74639, 60420]
[181222, 186036, 224436, 230884, 78297, 117451]
[64910, 133167, 69230, 145221, 228984, 208500, 101904]
[114800, 16954, 1144, 7534, 102372, 86380, 256694]
[75512, 219141, 256755, 12797, 76094, 54695, 149444, 23526]
[24533, 247467, 278920, 134898, 13861, 71363, 89064, 178335]
[211409, 148583, 39960, 264106, 55050, 11941, 113248]
[170857, 127942, 80533, 270362, 275317, 58215, 138947]
[86174, 20620, 69017, 158191, 69902, 272253]
[226099, 127225, 238869, 30596, 119881, 79133, 226593]
[104833, 184916, 281632, 105290, 173363, 116731, 124205]
[280292, 124845, 185345, 95153, 116037, 84345]
[149671, 100354, 222982, 173347, 52008, 104401, 271125]
[99240, 65188, 203548, 18568, 95937, 261943, 205405]
[129884, 42246, 14416, 249930, 217456, 130830, 270018]
[6901, 116307, 61466, 195982, 254665, 254512, 175452]
[107798, 233762, 285739, 220362, 48378, 265990, 198558]
[195981, 164880, 210441, 162386, 142275, 72486, 51534]
[104265, 235793, 120006, 3962, 112033, 180696]
[32559, 137471, 9103, 31765, 13510, 185335, 188141]
[284584, 225921, 276922, 155777, 193301, 93223, 164535]
[88657, 115660, 170540, 112923, 227833, 11131, 22545, 280437]
[159430, 114323, 174559, 159416, 64945, 184744]
[65002, 70802, 81752, 216034, 232737, 102441, 89496]
[284659, 167329, 83213, 201611, 12173, 187925, 258753]
[131828, 72168, 200102, 225476, 266904, 98309, 34856]
[47321, 33739, 212515, 239180, 73739, 86798, 63867]
[121393, 38539, 286870, 219847, 172366, 203268]
[169809, 200461, 219599, 214766, 116160, 279056]
[42211, 44822, 74351, 190514, 22437, 800, 264767]
[93757, 116993, 213107, 26305, 44405, 110591, 115406]
[205534, 240361, 134599, 217121, 107363, 54021, 279052]
[149556, 98605, 36992, 201542, 98289, 138815, 144182]
[178428, 1860, 237071, 216794, 200707, 211781]
[227627, 228806, 245106, 94994, 150164, 205857, 146160]
[237908, 86886, 255646, 279628, 134283, 210040, 69141]
[269198, 92579, 149674, 144068, 148780, 116513, 93765]
[82873, 138578, 96299, 249257, 45415, 110418, 38454]
[220128, 134050, 241970, 30959, 11743, 46251, 157884]
[90857, 162749, 239288, 251795, 45603, 285673]
[126264, 253217, 8267, 174482, 93731, 100464, 256878]
[99947, 130311, 34641, 141063, 108003, 183757, 89339]
[111180, 47952, 168808, 148246, 275312, 235682, 268651]
[186654, 157016, 191649, 204623, 193099, 89319, 276876]
[36920, 187743, 272951, 112045, 88198, 200257, 147247]
[247147, 71498, 55209, 179884, 172893, 188766, 265926]
[216858, 216823, 23053, 220731, 126174, 220336, 252458]
[61911, 285049, 223231, 29404, 124249, 37314, 178391]
[174666, 129811, 195029, 30064, 188134, 78719, 200952]
[232166, 280485, 239488, 69656, 190467, 6327, 81873]
[243889, 14227, 196190, 179937, 40993, 91147, 144335]
[4489, 80169, 270947, 16967, 18018, 45414, 101120]
[149819, 205694, 216870, 153737, 40815, 276535, 51971]
[252251, 170651, 190298, 34379, 252040, 41449, 30908]
[190098, 223732, 241235, 17124, 180519, 248493, 84322]
[79398, 120878, 174521, 270033, 158924, 41812, 152472]
[121486, 67981, 217390, 7789, 47941, 276730, 19408]
[91923, 155110, 114719, 274670, 105070, 120927, 71850]
[94548, 90111, 217640, 56984, 223900, 251722, 185547]
[221418, 186672, 55864, 39684, 84257, 103961, 177765]
[76875, 76004, 202463, 107161, 79386, 183996, 256468]
[5313, 141998, 107679, 273133, 25314, 128537, 126026]
[951, 188085, 137216, 57490, 63772, 259551, 219637]
[269637, 56999, 170321, 159884, 48983, 231322, 74578]
[236994, 227554, 26273, 105492, 12809, 8389, 139518]
[265152, 140220, 243463, 256055, 254009, 127026, 97186]
[274202, 46059, 184263, 244943, 148975, 78984, 42442]
[96458, 112230, 256160, 242585, 163151, 169656, 92798]
[21491, 127895, 178195, 5520, 17113, 107158, 199959]
[68202, 155811, 232519, 158613, 145979, 183795]
[69843, 146222, 134908, 11666, 142640, 208271, 41476]
[43741, 82945, 137079, 185163, 121197, 104680, 183950]
[142490, 249969, 94364, 142017, 268287, 33855, 197909]
[37983, 28417, 18528, 110583, 142811, 259512, 216627]
[24626, 264691, 2251, 52820, 268624, 254767, 62478]
[193923, 58683, 225279, 279516, 55046, 72296, 62618]
[34121, 187495, 186415, 52248, 275324, 107480, 41559]
[176909, 79304, 55462, 187447, 202506, 135911, 126539]
[38183, 115842, 156655, 98739, 70777, 181244, 273365]
[247579, 22746, 261448, 165604, 278967, 128898, 76741, 192235]
[213324, 200455, 236165, 218855, 4135, 155420, 120054]
[186860, 245044, 79679, 139407, 1744, 256884, 105882]
[184397, 233322, 121258, 137537, 46403, 192431, 51188]
[234607, 263494, 35309, 264761, 268613, 244580]
[102335, 248881, 227903, 130223, 189383, 45141, 246773]
[136821, 136411, 185487, 220508, 130787, 28367, 165859]
[245708, 11278, 54844, 8658, 269407, 137430, 73343]
[238618, 83205, 108821, 237935, 209829, 226771, 246042]
[238205, 209843, 249519, 131029, 286198, 248465]
[221776, 191132, 54732, 108503, 145848, 83136, 253350]
[273337, 84836, 61914, 54345, 225885, 90314, 255817]
[136071, 93592, 119555, 226311, 223569, 83982, 94360]
[281002, 87435, 209015, 149032, 195732, 62873, 156701]
[37991, 215386, 273269, 2590, 127932, 106029]
[52429, 68278, 33949, 834, 96185, 57574, 233447]
[165475, 31481, 3433, 111838, 125208, 102094, 29074]
[74281, 14110, 109467, 245696, 84915, 242041, 117531]
[270249, 157563, 285110, 95333, 69129, 29659]
[159637, 268800, 282402, 253562, 200649, 86209, 112804]
[144790, 57292, 161775, 251490, 234318, 152108]
[236574, 216308, 167701, 20580, 135566, 273871, 228194]
[242104, 114225, 92946, 3036, 39370, 137183, 168114]
[102694, 186442, 272520, 269862, 113190, 145375, 162562]
[102798, 93459, 51394, 228817, 27289, 231871, 83662, 185274]
[153243, 210491, 85125, 254951, 260309, 49610, 120683]
[249435, 138140, 135768, 250589, 67595, 225025]
[200758, 92063, 66699, 218082, 15817, 16884, 212356]
[71066, 270661, 80095, 203965, 221865, 183898]
[96431, 120541, 167325, 114057, 3229, 70502, 46940]
[3953, 29247, 136131, 11823, 106354, 45919]
[209383, 285161, 162270, 75992, 260994, 244840]
[269629, 225170, 58237, 219784, 218223, 243365]
[86023, 142783, 216329, 132704, 138931, 197464]
[35035, 211748, 123490, 99990, 66878, 162733, 235308]
[251894, 77224, 59481, 67031, 165920, 62861, 203907]
[271941, 180791, 81171, 34073, 204729, 41478, 182808]
[154143, 146138, 76254, 164284, 228673, 31273]
[110716, 158081, 161152, 11112, 247479, 84950, 191085]
[285420, 279213, 247900, 89388, 47310, 6187]
[153901, 140974, 185110, 162430, 166058, 243149, 38799]
[87817, 141847, 239335, 218001, 185817, 148071]
[47527, 43824, 190178, 179883, 162689, 267439, 164877]
[258471, 7757, 171704, 60897, 167432, 227588, 17083]
[238151, 34397, 125844, 26920, 235600, 208256, 261557]
[32857, 89064, 67827, 259265, 255553, 189975, 164644]
[175354, 69378, 166576, 113187, 195093, 124006, 98216]
[16551, 265636, 218727, 176738, 251058, 30503, 149453]
[164110, 40579, 78539, 206174, 110231, 133818, 229719]
[47810, 172950, 27525, 149320, 50214, 193958, 271210]
[161969, 77018, 222539, 39505, 259266, 199650, 252395]
[137691, 74233, 134824, 216930, 253280, 157946, 185112]
[104008, 15865, 105969, 146567, 169681, 241482, 172235]
[97820, 258691, 241972, 168530, 83810, 167611]
[276761, 264328, 180569, 218012, 83697, 82149, 228924]
[11040, 81467, 165432, 107233, 225706, 147641, 261520]
[209671, 51634, 51222, 137984, 208267, 223978, 189774]
[263336, 271017, 97709, 96958, 28685, 136275, 19143]
[78254, 142995, 204492, 150063, 185850, 160091, 127227]
[116131, 242067, 92187, 132, 204550, 238407, 194048]
[52474, 8936, 192131, 265125, 86083, 241687, 155562]
[257218, 54660, 137115, 275131, 76655, 33538, 172407]
[224301, 149708, 92581, 249565, 207042, 38392]
[127733, 68451, 59793, 95059, 97762, 285453, 140293]
[93116, 96867, 128329, 200757, 181407, 37024, 193334]
[252168, 179917, 33879, 263202, 198123, 27103, 100821]
[30716, 1765, 33281, 62190, 47893, 274711, 267412]
[176501, 33198, 146902, 232778, 12375, 52183, 215638]
[72866, 102021, 218351, 201670, 157774, 198277]
[22046, 78267, 73106, 101069, 64550, 213773]
[12921, 98049, 111567, 262961, 126817, 240008, 6428]
[175753, 226657, 3612, 46875, 103303, 28147, 169131]
[209245, 69052, 64932, 221092, 223940, 51141, 278685]
[2484, 140220, 41705, 241128, 220092, 271993, 39206, 273716]
[179055, 121252, 146670, 137495, 7766, 130068]
[207337, 101137, 77424, 154158, 159166, 105680, 39913]
[350, 126793, 184811, 35214, 44128, 27629, 8215, 204244]
[95071, 53052, 250172, 270426, 21479, 102931, 219116]
[99032, 213297, 8547, 140933, 44342, 280004, 242198]
[137789, 74159, 63713, 116868, 222508, 157059, 124962]
[186311, 280896, 59659, 21375, 177919, 156758, 31390]
[10406, 9780, 4629, 110236, 139466, 260194, 112178]
[77318, 184387, 54003, 248148, 122074, 34254, 238544]
[26501, 161672, 230879, 78600, 271122, 243893, 213119]
[142798, 150447, 31867, 103064, 76849, 6965, 116118]
[237354, 236487, 105553, 80612, 266545, 44817, 279804]
[16497, 144243, 14216, 12028, 256146, 102222, 8577]
[52122, 159525, 152001, 1838, 162588, 233061, 267198]
[206136, 272113, 50848, 175023, 258410, 55657, 134120]
[152817, 124335, 263499, 219690, 213011, 180071, 6703]
[35208, 43876, 87836, 163882, 27611, 45876, 16495]
[256911, 170413, 268941, 227156, 214055, 82395]
[146072, 134878, 97083, 216632, 223724, 272079, 172077]
[113056, 79106, 101873, 165097, 273987, 165049, 47280]
[109921, 119717, 47698, 22732, 254372, 251677, 230506, 637]
[260264, 21598, 83441, 282310, 239010, 87858, 223509]
[246432, 266425, 3514, 172161, 112844, 83933, 44101]
[62109, 127472, 95214, 202064, 198949, 169563, 235610]
[276059, 63533, 171551, 57248, 158456, 141603]
[129835, 159406, 200605, 197326, 247842, 57146, 19826]
[164804, 80231, 30914, 90374, 95728, 122467]
[206957, 99199, 39716, 270166, 206208, 131089, 49502]
[48099, 251654, 253174, 231668, 101162, 19875, 51969]
[18519, 199068, 56462, 256323, 66151, 167895, 115760]
[195436, 233706, 257377, 18608, 235252, 176065, 242612]
[223528, 266768, 117607, 150583, 180681, 34593, 268934]
[207137, 129646, 141715, 269459, 280775, 114568]
[18183, 112871, 180613, 75151, 202121, 18193, 32590]
[266397, 138114, 114604, 22487, 28436, 174029, 24034]
[192187, 107003, 194173, 255051, 62310, 255660, 71189]
[132001, 188084, 279922, 149856, 265363, 165670, 176581]
[11110, 264680, 277502, 131414, 139411, 51821, 137787]
[86744, 66451, 39486, 278320, 167041, 156099, 197439]
[152144, 6179, 262607, 36395, 47226, 128237, 274000]
[249303, 36007, 240097, 228977, 71051, 191619, 189136]
[61467, 263709, 117419, 281918, 19498, 117200, 2494]
[140892, 77769, 79074, 224556, 10044, 189777, 155627]
[164049, 117803, 22745, 215945, 203931, 155304, 120986]
[23639, 68538, 286299, 274526, 259981, 199808, 184745]
[72332, 55792, 44633, 188798, 230540, 201167, 78504]
[137905, 29850, 277440, 213497, 224715, 208259, 50051]
[244352, 26666, 158220, 99594, 168940, 48490, 257519]
[194236, 35204, 7495, 136695, 62664, 98605, 212039]
[263717, 92262, 162166, 45830, 208486, 210854]
[64931, 34901, 185594, 16513, 279914, 99981, 38200]
[245609, 8855, 37955, 128104, 220917, 204627, 1571]
[230327, 20858, 260619, 13097, 281431, 209525, 185773]
[159034, 244308, 69499, 141280, 99361, 12809, 56842]
[10099, 44176, 7706, 192118, 19773, 14829, 101971]
[81310, 120880, 15869, 104760, 41280, 59070, 206518]
[103818, 4214, 19927, 279097, 244120, 265405, 41394]
[226364, 77192, 165650, 12557, 80642, 162684, 68904]
[148902, 252412, 71046, 279546, 54831, 143929, 123483]
[125435, 138704, 80883, 55624, 178327, 97310]
[87472, 198440, 225523, 202890, 40110, 116381, 218886]
[182199, 110640, 257542, 143962, 49704, 113815, 162799]
[286323, 182461, 231919, 259686, 155553, 84186, 273847]
[246300, 97915, 123852, 25825, 202963, 255508, 19030]
[63746, 256831, 136241, 229746, 108831, 110133, 22328]
[233033, 279595, 84180, 239925, 97241, 230429, 277174]
[190736, 163783, 175491, 265555, 116140, 194436, 223492]
[273306, 55090, 29101, 110048, 191484, 268021, 9377]
[179686, 254603, 264925, 77578, 215086, 277645, 27210]
[151762, 244398, 225219, 73886, 274489, 241541, 172405]
[65262, 219414, 252941, 125167, 196768, 15457, 143706]
[49140, 88870, 198624, 33570, 156048, 34027, 70328]
[135302, 19671, 155576, 257280, 168585, 86305, 188008]
[48139, 182617, 130046, 286909, 135627, 208396, 259885]
[118672, 37891, 134355, 21109, 81496, 208168, 38243]
[272726, 29999, 82388, 65605, 108903, 46117, 21437]
[153780, 79506, 15023, 180989, 147204, 234093, 19627]
[203025, 203846, 138192, 148104, 152526, 115806]
[253423, 197998, 14549, 94436, 104274, 163378]
[190233, 55100, 89290, 251251, 272158, 245632, 229823]
[127335, 57708, 97075, 67770, 245912, 80325, 189981]
[209007, 199641, 71750, 71738, 95884, 136535, 163408]
[197014, 264217, 264276, 125480, 199542, 240857]
[179646, 47572, 21453, 196866, 239873, 69767, 112165]
[274427, 276489, 259446, 184981, 7166, 123080, 141535]
[21625, 153313, 229199, 176141, 174745, 193487]
[240410, 28477, 123217, 95790, 214940, 50479]
[252975, 250577, 240651, 136229, 22287, 246570, 224580]
[190241, 272344, 238528, 174318, 185043, 221069, 9869]
[240377, 75637, 76500, 287034, 240599, 97272, 153970]
[259951, 28619, 260132, 235478, 277181, 254344, 257112]
[205430, 67407, 217735, 66764, 76596, 282206, 250092]
[7608, 108436, 76377, 30103, 226399, 82433, 208787]
[44983, 86155, 59530, 103405, 44270, 230378, 19986, 261101]
[237783, 63919, 109897, 131350, 222727, 67633, 149697]
[8538, 162156, 186547, 171133, 7289, 46415, 193660]
[260607, 160858, 276676, 64221, 280552, 105588, 267527]
[82150, 228191, 254567, 147376, 146380, 135362, 187850]
[5933, 57473, 3676, 219252, 124859, 117915, 1605]
[225759, 32532, 222206, 185778, 221470, 270994, 266273]
[237806, 251311, 236692, 4040, 42730, 286716, 111978]
[169084, 191744, 136978, 10908, 174566, 206191]
[279376, 200855, 154395, 115757, 230361, 252072, 44003]
[37435, 62693, 228200, 179464, 152650, 89614, 57444]
[126263, 12928, 125720, 70368, 163117, 253525]
[34800, 210187, 132610, 130724, 71643, 232566, 57967]
[235471, 89026, 55694, 76466, 43129, 76633, 45537]
[58837, 162213, 238952, 26342, 41792, 26324, 139035]
[220403, 40078, 186884, 135474, 160470, 92831, 271365]
[237309, 263556, 235126, 242151, 80389, 184124, 238208]
[272359, 251516, 121292, 258792, 59433, 43354, 225891]
[26764, 256466, 194392, 90869, 60204, 81792, 255006]
[134302, 74025, 128170, 284566, 184753, 147057]
[48287, 68783, 199897, 181543, 84823, 175154, 241605]
[213212, 193390, 138359, 235669, 101508, 58476, 97709]
[269133, 284220, 273501, 120680, 246977, 191117]
[44763, 6918, 129985, 192765, 94836, 57058]
[216951, 28745, 219718, 190140, 98793, 137699, 272723]
[71264, 124322, 33487, 181555, 158485, 216534, 191265]
[239854, 170414, 78737, 155857, 117107, 21187, 220553]
[135938, 43966, 24107, 259186, 126160, 114937, 116010]
[256265, 228291, 217667, 285948, 13406, 274687, 159582]
[27199, 168954, 177925, 223892, 35716, 90557, 93475]
[236540, 161732, 163302, 162740, 215114, 217497]
[179794, 172464, 3657, 30857, 191612, 26859, 116127]
[24794, 193737, 110722, 264633, 251672, 121583]
[153745, 111540, 193635, 5550, 237435, 194776]
[285640, 83650, 50476, 263837, 220540, 38611, 112515]
[263830, 115173, 73565, 155278, 178214, 123052, 151807]
[210162, 62956, 208666, 114347, 65977, 97726]
[235944, 278240, 106352, 122614, 101188, 216857, 214454]
[217523, 13132, 157314, 204619, 31608, 69525, 243451]
[62792, 238021, 225794, 217575, 172047, 260233, 189467]
[144537, 128721, 285322, 188115, 85512, 38482]
[123170, 277112, 194052, 280147, 76961, 40281, 82761]
[109258, 48187, 207412, 105945, 281139, 202598, 48949]
[108012, 196380, 102865, 262712, 269048, 268636, 81092]
[67441, 124768, 275228, 97595, 231661, 11989, 76591]
[175071, 61175, 265787, 189003, 211768, 2248, 167387]
[240094, 99943, 104271, 190077, 99795, 82439, 22131]
[144907, 106096, 206060, 272427, 70273, 255088, 153185]
[85307, 123258, 91418, 158072, 117014, 134208, 97962]
[80435, 45872, 160378, 181990, 150808, 137212]
[94694, 208351, 99677, 225266, 17477, 252450, 151298]
[280362, 49844, 165966, 284981, 225003, 208249, 211810]
[75295, 66586, 233672, 205974, 14677, 221928, 14983]
[201029, 175906, 29590, 234761, 139617, 40876, 188143]
[181729, 173716, 203177, 135488, 25279, 63831, 266640]
[209535, 25272, 79664, 171384, 238767, 194838, 287097]
[247736, 203378, 97553, 178990, 10980, 249930, 32443]
[199689, 270581, 59114, 154620, 207509, 47895, 12396]
[277319, 178101, 148228, 205420, 255773, 268308, 51074]
[149866, 48856, 44659, 164165, 137959, 166927, 115311]
[265194, 204511, 183891, 26724, 268520, 134083]
[94648, 255338, 237434, 28803, 172471, 108281, 103539]
[225579, 24146, 16360, 234223, 262518, 216190]
[40918, 117885, 187043, 212856, 270658, 51515, 41582]
[90057, 61973, 252591, 166916, 91326, 71470, 125081]
[81872, 74219, 66199, 84297, 138079, 191042, 250487]
[92986, 17443, 192884, 166071, 121020, 227627, 150804]
[127948, 156902, 274767, 188370, 81100, 61730, 212244]
[86089, 104764, 246675, 224167, 122244, 164226, 37604]
[52015, 75824, 108585, 235317, 172013, 68979, 123353]
[190399, 53877, 58712, 10368, 149009, 37866, 26284]
[67988, 261578, 234319, 255639, 26920, 174127]
[164017, 228872, 943, 198067, 29161, 219746, 284791]
[75204, 116335, 277691, 265469, 272988, 178795, 280793]
[121205, 208163, 242102, 11656, 258710, 52826, 236033]
[118437, 15035, 85449, 122505, 131726, 33405, 167601]
[247681, 121915, 220476, 267220, 135527, 42553, 77428]
[202149, 214157, 52480, 197977, 3560, 63309, 76086]
[7795, 138020, 254575, 279211, 271633, 210325, 100633]
[172147, 58134, 12124, 84436, 11906, 209019, 4127]
[26514, 250234, 65862, 171559, 27288, 66420, 129106]
[129422, 109501, 34675, 187742, 286133, 77329, 39809]
[245470, 138876, 239654, 95554, 134960, 115479, 131891]
[234793, 90551, 64415, 199972, 196201, 175999, 159412]
[103603, 69993, 146791, 27503, 188861, 164469, 91227]
[197180, 263536, 76708, 152795, 199266, 263065, 226887]
[15021, 147314, 235869, 227339, 181804, 13535, 93549]
[234226, 99990, 118126, 86187, 131597, 248504, 220401]
[95752, 12451, 246696, 251902, 109995, 118764, 248177]
[119749, 8068, 179388, 110059, 104436, 164404, 70666]
[112866, 1357, 223277, 285163, 2588, 243594, 8630]
[67410, 162905, 249221, 136264, 116583, 202489]
[286806, 271218, 282072, 268303, 169385, 238217]
[280992, 49960, 266097, 59751, 124671, 219521, 33846]
[44236, 20500, 256177, 97525, 114969, 218442, 118938]
[23708, 262297, 7131, 147705, 6748, 146097, 148069]
[231631, 155625, 250715, 274928, 26795, 104848]
[262716, 251963, 6018, 167973, 138302, 103549, 184385]
[25592, 167520, 48631, 70369, 99516, 66118, 36458, 157114]
[59598, 35349, 84653, 257949, 274944, 180553, 15971]
[190409, 234661, 238674, 215840, 225475, 171713, 236368]
[155993, 78739, 4596, 235697, 150117, 88400, 128887]
[95859, 22992, 214011, 168965, 65405, 228344, 241027]
[21633, 187958, 50263, 4119, 112314, 28743, 158181]
[181333, 20235, 243926, 177339, 164486, 176990, 79917]
[50115, 76784, 17034, 178031, 46768, 10533, 160360]
[236374, 251008, 279863, 216583, 81820, 278839, 278749]
[211678, 115199, 198722, 114026, 99084, 38860]
[95140, 269318, 207832, 22644, 52100, 29419, 63682]
[25026, 57005, 192014, 55021, 128155, 96527, 173927]
[43464, 247846, 252086, 174022, 220847, 213119]
[197973, 232576, 220694, 25962, 130881, 276985, 105310]
[60206, 112, 55547, 162266, 43302, 122825, 177419]
[286595, 103913, 12181, 76583, 128682, 38543, 162695]
[276255, 119151, 179523, 90380, 95414, 208681, 201155]
[173155, 232119, 89733, 209135, 234676, 82296, 70851]
[20753, 34175, 286012, 44164, 226526, 109131, 44086]
[52131, 144287, 253394, 133258, 141796, 45988, 146505]
[127016, 224657, 226748, 153992, 224699, 164305, 96927]
[282707, 180903, 238525, 114864, 128010, 108823]
[282432, 196448, 68262, 259258, 73636, 144433, 226953]
[199316, 27198, 211550, 259820, 151822, 168004, 160234]
[4456, 159891, 211861, 272350, 217869, 73988, 144200]
[215956, 151564, 113142, 1593, 168902, 217690, 17585]
[134337, 145493, 67656, 105621, 63512, 55666]
[158237, 241945, 5339, 34399, 274355, 277703, 253305]
[222425, 87066, 137278, 217376, 230940, 44677, 37734]
[251391, 90742, 231189, 219919, 169708, 220877]
[250778, 133568, 2082, 113776, 126954, 10789, 182431]
[64920, 204611, 154524, 94578, 128887, 46731, 200717]
[66501, 276323, 203636, 175540, 208640, 80807, 167022]
[126319, 256175, 96795, 43689, 260646, 265217]
[240637, 174198, 22110, 110035, 122393, 203290]
[91164, 199464, 109736, 30610, 219315, 16002, 10073]
[166742, 247192, 285652, 211555, 185655, 63542, 64963]
[35271, 235832, 28730, 50740, 100446, 114223, 27766]
[170297, 150294, 94116, 8569, 127002, 275727, 145984]
[266868, 84185, 98361, 84840, 268535, 52038, 8557, 269827]
[258376, 105117, 274980, 8618, 246771, 32029, 281972, 186269]
[97459, 114198, 6341, 125191, 16664, 120430, 232389]
[158994, 136687, 78803, 263328, 90109, 166698]
[279440, 196902, 11745, 204283, 40407, 241884]
[131080, 137328, 14115, 238212, 122399, 97143, 60156]
[39986, 185237, 126851, 135212, 82586, 4250, 215140]
[270464, 225370, 151185, 168330, 283608, 136628]
[234200, 72900, 278842, 210964, 116769, 65334, 102833]
[6495, 73681, 225589, 223737, 34917, 270292, 114090]
[263224, 216401, 1912, 239876, 255504, 181084]
[199780, 10242, 253288, 250775, 248156, 69028, 72304]
[41493, 104035, 125325, 183444, 127144, 148805, 171175]
[37067, 137378, 111700, 47593, 68965, 245603, 203639]
[261703, 255389, 135125, 204797, 237653, 174646, 93440]
[279658, 193537, 207840, 97722, 230218, 118526, 83523]
[37430, 234804, 123970, 79647, 67144, 160623, 175996]
[102305, 248042, 219870, 8310, 176728, 206484, 17439]
[75316, 3821, 152018, 157344, 88261, 141893, 192539]
[263857, 243943, 53376, 219065, 15238, 57057, 279452]
[196337, 211077, 285180, 218078, 106482, 254460, 203577]
[39624, 156484, 184773, 119653, 101279, 282637]
[279634, 230378, 229311, 42058, 218721, 276079, 15171]
[243539, 41371, 254917, 240477, 11372, 131433, 222230]
[93774, 179482, 72208, 19421, 249049, 156494]
[272206, 56685, 15803, 150963, 222174, 86849, 117747]
[185681, 200767, 139259, 43753, 144936, 113795, 108598]
[227189, 121164, 92009, 142286, 20622, 150625, 126344]
[115384, 166286, 239436, 144237, 53469, 188436, 235617]
[87473, 91675, 54056, 160542, 73103, 97849]
[219339, 248211, 134919, 29879, 41618, 183991, 237667]
[131167, 24993, 182980, 143784, 226240, 269962, 63228]
[85653, 96155, 143252, 194676, 50059, 53676]
[167765, 260652, 105071, 56143, 270941, 176211]
[141452, 157542, 81883, 70979, 207476, 156091, 220069]
[252552, 92129, 131328, 180960, 218709, 217576, 160444]
[67110, 255787, 78842, 246373, 203067, 65244, 67074]
[58781, 286380, 140309, 61039, 141622, 209472, 202668]
[192401, 246514, 206073, 251605, 205451, 7245, 50716]
[268749, 251686, 233034, 176973, 94909, 234442, 136179]
[10587, 16102, 76058, 427, 50415, 59499, 113149]
[3194, 204774, 122281, 77269, 96017, 228429, 134015]
[1896, 172719, 142354, 35912, 187979, 164497, 124732]
[69454, 234488, 271346, 88305, 142776, 114061, 29896]
[272201, 43850, 111385, 6401, 211114, 57591, 131240]
[230306, 252649, 157079, 225660, 91742, 168001, 160078]
[164770, 206142, 231262, 75732, 235690, 69096, 212756]
[173449, 229156, 19666, 65036, 22858, 42541, 74122]
[219930, 178012, 224992, 259354, 211928, 261064, 105474]
[151088, 201545, 14312, 251643, 14849, 277187, 247927]
[183713, 145441, 107435, 173978, 129327, 246473, 84706]
[3801, 85134, 104278, 126525, 235409, 148416, 279323]
[48173, 148673, 170004, 111134, 95753, 98667, 220342]
[83309, 268727, 253418, 21004, 79448, 206904]
[80482, 119175, 96303, 154654, 205607, 164646]
[204800, 207919, 38554, 21353, 124409, 111278, 249842]
[169582, 228018, 152137, 286056, 283745, 115552]
[143122, 207656, 281177, 199825, 266352, 70063, 236404]
[213344, 275684, 217502, 95394, 224929, 172293]
[37647, 52482, 153544, 275392, 265938, 150264, 79093]
[266417, 257928, 259311, 166512, 63352, 126076, 165313]
[284857, 144218, 106453, 112579, 84113, 106609]
[93185, 122209, 54941, 127998, 277632, 283470, 275894]
[209641, 170725, 31655, 58953, 21614, 185269, 152342]
[263280, 227065, 271676, 6948, 201200, 182458, 237663]
[11879, 230289, 59889, 206422, 83504, 256694, 272972]
[60705, 174560, 125249, 75194, 124526, 135831, 190981]
[169073, 43694, 108423, 70813, 33944, 261859, 93165]
[201302, 161355, 75176, 177268, 64837, 37417, 9147]
[44503, 43390, 4273, 180036, 104758, 190060, 73231, 249290]
[142977, 161963, 10616, 231176, 52414, 238536, 104255]
[31812, 130144, 278925, 64436, 275508, 79090]
[94815, 128106, 4059, 40614, 214770, 99907, 20093]
[19419, 131391, 271329, 67086, 256324, 199912, 140220]
[105602, 139711, 258912, 81895, 184979, 72679]
[238608, 250596, 125785, 97274, 64734, 56962, 32567]
[167876, 156414, 193943, 205860, 227793, 159579, 171861]
[141721, 42797, 240869, 15260, 225531, 191760, 73490]
[191637, 137200, 183201, 49943, 111478, 62978]
[190260, 122015, 194997, 196791, 203610, 249651, 32115]
[55826, 26261, 64136, 48173, 16806, 199634, 20780]
[170022, 35504, 76757, 121612, 119983, 56500, 56371]
[2172, 758, 116089, 229864, 142766, 262097]
[230144, 145416, 246970, 266874, 283778, 135286, 244553]
[82721, 62951, 71012, 225993, 5216, 235926, 124685]
[156268, 48528, 263120, 278278, 46159, 176586, 171524]
[220815, 222794, 154785, 237908, 56975, 41448, 68146]
[242296, 242910, 79354, 231745, 283542, 50647, 70501]
[31239, 104861, 163157, 33129, 203201, 132411, 267606]
[102787, 104474, 173830, 200818, 148826, 14395, 214367]
[12117, 44013, 166239, 154539, 245057, 232999, 252910]
[16633, 182540, 125452, 270534, 242064, 217275, 94758]
[230253, 146140, 96881, 13474, 284226, 138819, 176347]
[132171, 21072, 7214, 255358, 4127, 268769]
[57386, 151826, 138824, 6362, 99596, 159954, 268093]
[174156, 127684, 59685, 86309, 171531, 131960, 184080]
[166395, 243217, 98407, 279977, 262320, 210794]
[39664, 120833, 209557, 53877, 104508, 233328]
[78187, 9506, 159547, 160501, 119603, 11400, 66669]
[162713, 92375, 253615, 224247, 150269, 285577, 183241]
[28680, 184096, 46318, 108972, 31822, 269991, 122592]
[77375, 239382, 119994, 283974, 232999, 105080, 193111]
[78953, 124617, 79162, 123216, 162662, 147979, 18807]
[121755, 44906, 101065, 42234, 66108, 9712, 146585]
[251560, 222944, 266422, 66946, 81620, 71083, 252898]
[230599, 234614, 172279, 195843, 233747, 202698]
[181448, 79839, 55156, 189918, 153599, 184103]
[24107, 153014, 254745, 77067, 83786, 61111, 237403]
[214671, 23580, 110029, 257005, 250558, 53204, 249225]
[21380, 61606, 17807, 217991, 52245, 122870, 193111]
[235815, 269831, 20532, 257289, 85764, 270928, 182052]
[189708, 97843, 140588, 162746, 84531, 94584, 204815]
[168171, 172458, 248393, 110891, 53468, 186540, 225758]
[181342, 228462, 219951, 91276, 115036, 169658, 88066]
[39180, 84128, 285272, 130694, 103409, 106580, 85012]
[284323, 73193, 192241, 216529, 260205, 25024, 182845]
[231455, 239797, 7800, 133548, 110555, 184518, 109273]
[255074, 73463, 250980, 199021, 169381, 137975, 78094]
[240079, 2013, 274509, 277333, 201925, 283260]
[144157, 55376, 41554, 85399, 9160, 250885]
[60836, 16732, 279136, 141164, 237702, 192259, 184772]
[197783, 93452, 183418, 40330, 79366, 72042, 203149]
[92149, 144915, 35216, 1100, 2130, 234623, 29764]
[146378, 102637, 238770, 50980, 265901, 182995, 30166]
[78175, 56094, 192442, 219656, 203591, 222547]
[163243, 113313, 151067, 69613, 277522, 281648, 176494]
[221905, 189723, 6742, 156749, 128189, 246683, 26798]
[33750, 34428, 175017, 283646, 72487, 158747, 94408]
[38365, 72940, 200860, 237531, 50052, 232603, 49172]
[33044, 31050, 222994, 151966, 118424, 73850, 104310]
[2691, 154290, 233968, 130228, 160261, 38623, 56493]
[118590, 215187, 259442, 112314, 188420, 136152, 164545]
[74957, 180690, 78183, 175393, 12729, 79052, 159329]
[239648, 185168, 152893, 271381, 14365, 123271, 217737]
[261047, 263517, 198241, 203206, 260852, 18969, 48670]
[99038, 16120, 224708, 163570, 107779, 283137]
[13062, 119795, 8839, 34245, 17148, 41501, 33191]
[140707, 278784, 256966, 196736, 10667, 120247]
[94489, 43500, 116656, 85760, 258925, 106930]
[155790, 270811, 143853, 79486, 184133, 174209]
[98242, 228513, 247801, 122600, 233508, 250458, 236735]
[105968, 226312, 70072, 117719, 226916, 76175]
[116439, 10857, 49293, 186826, 8674, 52161, 156050]
[66580, 106838, 125960, 56925, 178054, 262855]
[264359, 281223, 194842, 31110, 101862, 50728, 139310]
[166587, 271082, 199661, 81246, 122670, 26196]
[190521, 120757, 229460, 24260, 96080, 177125, 217041]
[207904, 153259, 281492, 4001, 224432, 499, 133645]
[141300, 48233, 281788, 241200, 48224, 95811, 43360]
[97091, 92834, 252048, 106562, 162132, 209441, 158159]
[38293, 100606, 250964, 42180, 176696, 126601]
[103236, 35403, 74989, 202894, 186303, 279088, 179187]
[196604, 70820, 43849, 262131, 171585, 262875]
[240604, 3350, 58089, 180644, 10205, 208112, 78700]
[279632, 171629, 169702, 10002, 91535, 80017, 87621]
[215289, 166130, 200256, 211177, 82426, 43993, 152426]
[208862, 110644, 156944, 145514, 1081, 8787, 23577]
[114444, 64511, 82016, 60002, 161961, 121415, 11050]
[213991, 232994, 151949, 275377, 141615, 175593]
[78839, 41227, 63827, 89921, 243939, 195918, 12660]
[247480, 265292, 99110, 124169, 142425, 259422]
[228925, 201119, 170225, 66597, 124781, 155613, 57011, 187960]
[93990, 230849, 116437, 15050, 240903, 92053, 6281]
[135733, 100875, 160324, 30803, 175793, 245782, 212647]
[244144, 158047, 102707, 206343, 226995, 163808, 146751]
[72489, 261073, 40895, 206952, 95874, 2539, 201169]
[144067, 163982, 4118, 126330, 117621, 166257]
[127257, 266600, 236523, 32865, 27952, 49552, 23649]
[273680, 285539, 53372, 99658, 28390, 72444, 183875]
[104669, 42025, 55663, 141454, 55456, 119494, 102783]
[161271, 70842, 35733, 211697, 217556, 182115, 286184, 102014]
[39577, 29122, 56176, 62652, 220507, 173897, 114377]
[281048, 63396, 112060, 154582, 80206, 247246, 124267]
[68181, 234041, 144932, 157165, 269496, 91682, 120516]
[52519, 58483, 238015, 35178, 20104, 172744, 1200, 33668]
[133552, 101625, 10070, 143621, 132472, 57252, 170659]
[147408, 58619, 188365, 153668, 44046, 109390]
[67788, 187753, 166237, 108276, 150540, 146415]
[94612, 107189, 121511, 86232, 50587, 132099, 15252]
[194723, 97622, 208775, 219949, 261097, 205566]
[282396, 151339, 71428, 42352, 130271, 99108, 241250, 213696]
[220331, 209547, 162001, 163354, 78095, 102078, 241705]
[56171, 167636, 200468, 130579, 122911, 127975, 245077]
[90849, 33617, 11436, 8800, 271312, 262829, 3857]
[103384, 184414, 263895, 2482, 190799, 191114]
[142317, 131116, 269520, 245182, 16897, 28819, 152405]
[13628, 229275, 89280, 203406, 92655, 63853, 77443]
[159805, 144887, 47551, 226756, 150148, 69939]
[197633, 237761, 278303, 155936, 122801, 202396, 68163, 160128]
[239090, 230377, 168378, 220902, 82342, 206042, 214272]
[182033, 18647, 51081, 246477, 91455, 263049, 6314]
[98516, 57739, 143164, 211312, 17226, 209237, 49757]
[228261, 268281, 253423, 126126, 34187, 248854]
[78735, 145290, 196022, 165422, 158056, 56177, 39429]
[220040, 116487, 218150, 156532, 36082, 71110, 273151]
[163245, 57276, 128820, 5517, 176865, 158705, 181219]
[6081, 87493, 81166, 41061, 204909, 236163, 36209]
[3055, 283981, 111514, 102996, 167231, 174127, 44155]
[174658, 33208, 268565, 87644, 250179, 164910, 164371]
[276933, 217131, 254742, 280381, 40581, 103748, 120147]
[184716, 242428, 56573, 182144, 84721, 242116, 100179]
[172378, 163316, 30270, 120598, 144904, 258565, 133488]
[103315, 174951, 196015, 69518, 253222, 272080, 82196]
[252160, 172516, 199386, 138311, 134301, 194353]
[171685, 13076, 79201, 278329, 37119, 187812, 52623]
[41406, 91646, 53076, 128293, 100356, 133728, 35378]
[246073, 105188, 190881, 20566, 247572, 118034, 178414]
[274268, 225192, 130507, 218399, 241214, 231456, 249136]
[137037, 101967, 118105, 100946, 107458, 122591]
[5115, 255148, 278606, 277213, 91948, 163008]
[73134, 142613, 49902, 56523, 145978, 35715, 55449]
[145282, 248283, 242327, 281882, 263970, 192106, 233928]
[59458, 156704, 238548, 257000, 254811, 95029, 185921]
[14638, 166941, 60308, 254222, 180822, 262734, 14067]
[253840, 213579, 254484, 153542, 98796, 201558]
[178478, 61862, 130267, 83503, 29212, 221582, 76137]
[113664, 129551, 166234, 42108, 64618, 37339, 163849]
[273573, 239036, 22802, 156672, 124394, 207048, 252316]
[285670, 275122, 217911, 264692, 154777, 114645, 44610]
[189059, 180656, 163435, 218255, 257698, 230972, 170055]
[235232, 69562, 80557, 268251, 198250, 87492, 173207]
[89928, 57550, 34503, 217097, 106600, 107026, 133725]
[10277, 140491, 87730, 160867, 184206, 125802, 118011]
[72224, 87929, 127936, 210605, 67153, 180037, 111322]
[244984, 171376, 273900, 12328, 139065, 261540, 167214]
[123062, 233421, 28029, 199444, 142006, 220717, 246034]
[280194, 29092, 225612, 284780, 15190, 51642, 280027]
[257282, 127419, 228671, 144001, 213204, 31398]
[263592, 102430, 160568, 193093, 158769, 131286]
[210561, 673, 5224, 45652, 101450, 227099, 245510]
[239913, 254849, 244127, 133077, 203168, 118445]
[206054, 93935, 231819, 140669, 13617, 44974, 41250]
[49913, 240813, 31101, 212677, 70777, 177105, 127387]
[21527, 33972, 206245, 32618, 5721, 183473, 135241]
[52682, 10217, 72148, 34376, 162101, 11310, 102209]
[29722, 17668, 12115, 201072, 50599, 271982, 99551]
[93991, 244057, 26075, 110236, 99188, 41193, 158147]
[210780, 206907, 48890, 76350, 159928, 269843]
[107691, 81692, 206500, 6860, 284551, 272992, 133607]
[269640, 282044, 56388, 2885, 180364, 16540]
[229914, 218259, 162679, 78953, 162237, 71289, 122992]
[7150, 233764, 285658, 130969, 224113, 79490, 80262]
[124686, 186134, 95210, 185264, 246589, 68912]
[138772, 148866, 29798, 147006, 18085, 226605, 83138]
[67433, 188492, 142311, 18617, 49515, 241235, 32064]
[125412, 193853, 161179, 19495, 276483, 255902, 71526]
[167598, 214046, 125918, 130573, 185275, 171085, 243730]
[285028, 243337, 56666, 206929, 126982, 211231, 138143]
[89595, 10031, 278355, 254070, 116996, 108641, 284963]
[49019, 273033, 176572, 27504, 28346, 17150, 212446]
[280623, 83740, 34460, 131616, 95401, 232293, 138698]
[221406, 126485, 76803, 44458, 161026, 100319, 160135]
[251663, 138611, 184014, 238790, 127314, 257281]
[120421, 216036, 227456, 218803, 220628, 252500]
[274457, 126080, 72760, 41575, 124205, 141957, 48144]
[207156, 235197, 50166, 162113, 194247, 194539, 15671]
[26524, 170804, 115442, 44356, 232268, 51518, 180664]
[246543, 60831, 114559, 10616, 234567, 258682, 70227]
[147952, 218023, 101420, 185312, 181630, 135488]
[238216, 89812, 201864, 63091, 240349, 273557, 143032]
[126964, 182726, 114360, 89276, 124272, 108044, 115455]
[265367, 20356, 104272, 35613, 28796, 119556, 120313]
[91610, 51930, 109433, 264838, 109457, 148333, 256644]
[28672, 247682, 41064, 196550, 196046, 4851, 120705]
[50843, 236714, 214171, 256553, 172845, 267786, 181440]
[17685, 55272, 84286, 77093, 190349, 7432]
[32972, 279041, 173171, 91517, 42415, 116704, 191333]
[176102, 24364, 202943, 278220, 283393, 181476]
[150343, 194672, 280170, 45148, 27105, 218334]
[235595, 284267, 102435, 114492, 45598, 200876, 210644]
[168109, 165640, 92630, 88567, 236197, 34349, 187825]
[165365, 202494, 129863, 243610, 48842, 20509]
[283931, 186984, 91193, 283369, 134821, 101535, 49281]
[47828, 222906, 128870, 100296, 286876, 249115, 77907]
[93501, 253361, 277594, 214182, 206136, 155052, 156475]
[196317, 71479, 5469, 28221, 285584, 283517, 37841]
[86179, 21832, 1688, 58097, 181976, 204302, 84064]
[87990, 96380, 116300, 273031, 238387, 105496, 56347]
[18284, 70263, 194811, 45526, 115010, 251538, 54721]
[47804, 189491, 188931, 286925, 73163, 229752, 156971]
[122588, 215571, 95762, 270861, 258441, 106206, 191901]
[227096, 159471, 211625, 44921, 64621, 243969, 117616]
[67288, 168499, 27012, 252237, 262038, 64254, 156613]
[104908, 206304, 53764, 56177, 90421, 166511, 23112, 65434]
[160482, 278655, 83219, 83210, 75557, 238099, 210770]
[150170, 52243, 215307, 126258, 212242, 130154]
[125631, 276946, 100400, 106660, 90133, 182649, 269952]
[276293, 250660, 146731, 221627, 194326, 230773, 68803]
[208431, 17791, 58586, 139469, 263103, 38969, 134879]
[264921, 72552, 276398, 121650, 158833, 23667, 27227]
[9949, 173326, 13561, 207016, 37111, 238219, 270222]
[125055, 263640, 279284, 237191, 65713, 220719]
[97202, 168562, 275726, 127468, 202512, 229634, 45471]
[100069, 123721, 89396, 264004, 213046, 15803, 100107, 13405]
[147965, 174709, 23316, 221123, 82294, 247238, 56134]
[249231, 133716, 82781, 217392, 38936, 128460, 138718]
[136001, 88946, 170880, 179481, 31169, 135038, 268432]
[204520, 163570, 51762, 145697, 22383, 11139, 74100]
[1885, 77862, 190999, 268612, 42236, 267392, 89110, 141454]
[270848, 70911, 59806, 174468, 25296, 131129, 115544]
[243582, 48466, 201413, 195990, 59781, 39058, 81042]
[215335, 67669, 231071, 249780, 92310, 236167, 271616]
[245657, 72492, 135144, 141889, 261685, 34825, 9216]
[41899, 197103, 222729, 162963, 113359, 214245]
[71767, 31252, 64646, 17088, 160488, 162333, 148642]
[271318, 195736, 28159, 81101, 224172, 221813, 107859]
[88495, 194305, 154349, 135567, 29818, 158057, 283612]
[48045, 281409, 1731, 9678, 12977, 246268, 273081]
[38909, 194305, 215174, 74823, 276227, 96603]
[5839, 139336, 210840, 159527, 179889, 266804, 218005]
[144698, 239187, 16263, 258419, 200845, 214145, 104443]
[253859, 13361, 141589, 129681, 254882, 70047, 89837]
[6713, 69171, 22704, 269488, 168359, 188626, 259329]
[245611, 134664, 239410, 212072, 60892, 103262]
[171383, 206584, 255435, 283566, 213624, 94233, 40452]
[131765, 201115, 272170, 86327, 197227, 188969, 184366]
[61140, 57931, 32336, 143165, 66775, 123553, 167438]
[191710, 278343, 229308, 212942, 62502, 189441, 280252]
[10798, 26396, 100277, 12419, 216349, 119883, 228087]
[143835, 259601, 127247, 167047, 25717, 90815, 11994, 112509]
[69995, 78793, 180249, 100181, 143285, 125900, 168136]
[218451, 77328, 213852, 126510, 39443, 233916, 72618]
[54356, 82630, 1697, 12230, 170653, 146421, 76135, 174425, 21318]
[281184, 111411, 171376, 254799, 119222, 19176, 266399]
[158225, 21781, 147845, 260284, 234641, 249309, 117564]
[187269, 198025, 281727, 60, 240924, 278531]
[97674, 160371, 119044, 134368, 35061, 30285, 3697]
[13945, 156108, 228399, 130791, 126533, 16953, 228241]
[192220, 148797, 99991, 88100, 120310, 261002, 8860]
[87609, 46094, 256868, 189574, 50633, 125670, 27302]
[29820, 56189, 98385, 34208, 54130, 34099, 90876]
[169326, 116121, 25935, 242076, 33208, 218145, 162664]
[192070, 4122, 196961, 40026, 9045, 123382, 582]
[83255, 69347, 108434, 38378, 118507, 265332, 125199]
[123264, 153199, 112618, 104920, 188866, 25242, 148807]
[190798, 245170, 272591, 128582, 254074, 148892, 9691]
[210319, 264420, 93694, 183345, 36450, 71419, 198043]
[216954, 242706, 213484, 283085, 24372, 182714, 111640]
[214915, 67591, 191641, 26792, 36577, 22936, 134732]
[195621, 274222, 40556, 277843, 155467, 205027, 250257]
[284972, 26021, 95339, 33082, 45513, 148745]
[264910, 9423, 216905, 7184, 61899, 248511, 135711]
[91503, 219173, 247307, 168200, 40310, 130616]
[42667, 171806, 265831, 126874, 119481, 112147, 7219]
[61232, 110955, 246505, 112903, 60763, 227700, 190916]
[202988, 281974, 146235, 53232, 145115, 170237, 256507]
[92623, 89079, 214263, 68349, 83277, 95055, 11094]
[42721, 233033, 256338, 269369, 263066, 38647, 146404]
