8980
1247
5666
9806
9924
4728
1421
8361
5633
6437
6807
305
529
1699
7286
10685
3683
13157
5727
1401
8157
5395
9957
8884
6875
11967
3266
7327
2792
3595
7109
12847
6685
11047
12987
11203
9217
8577
3217
8906
11040
6921
4888
4559
8386
12295
3602
6729
12879
7741
8449
2354
12326
5031
12398
4903
9618
11599
10570
7723
6509
10124
12734
1625
11977
6016
2279
4326
2457
11281
5581
13139
1134
9045
6518
2675
6800
10242
10737
6979
7644
4608
10116
10803
2550
5259
12213
11453
10404
12031
11973
11048
3362
11004
4560
249
12370
358
6529
6788
8987
2226
7150
2470
4754
155
791
11870
646
12448
10584
5043
1974
121
10287
8491
958
631
8434
12531
136
2479
2856
11727
7358
6055
3778
1077
453
11972
3157
4212
8189
365
2078
3194
1847
12154
2710
551
10612
12837
6198
3659
3305
3331
10387
8720
3991
5462
3718
12482
17
10177
1888
13007
11548
9387
4134
5158
3789
11226
6795
12843
908
5277
6751
4822
9431
4720
6676
11037
1903
7124
862
8191
12891
443
10783
5323
6379
2242
2464
2791
5642
10173
7714
6615
8414
1411
3250
7779
729
7257
3639
9643
3834
7301
2845
10621
8397
10688
5567
2739
2881
513
10457
7467
867
10332
8990
11900
7597
11329
5112
890
1739
4946
3806
5247
3587
1918
3125
11509
9868
2697
11761
3307
1755
13058
4103
5208
5917
144
2449
6059
3093
3749
7091
3605
10443
4096
4124
8874
5506
5236
6416
7562
4893
3433
10798
1865
12035
2659
12469
9601
1192
10745
4205
1194
13248
13074
1693
12458
3642
3346
2102
668
4511
12296
12749
6012
12570
10791
5222
12046
1107
4695
10376
1743
10465
13289
11597
5550
13224
12039
12169
6909
5987
2021
10722
11216
6009
4726
2029
10137
11412
8806
5675
2160
8643
13170
11515
2866
8349
256
7233
3829
5187
3475
12588
7145
11567
12592
3430
3477
6562
7293
6180
8727
8415
10097
981
3300
4008
7438
11701
5843
5198
8312
4857
8701
9119
3553
4165
8255
12123
3801
3757
11771
3436
3980
4050
10278
3366
7756
10553
4991
12649
692
11056
1745
13347
6959
12566
2356
172
4440
9482
11511
9915
10532
5555
6503
9890
9478
5053
1125
4074
1485
11091
13199
652
1822
10206
4901
2912
2812
6241
12854
11081
12710
5189
2483
8885
7552
2646
1846
6013
2529
388
695
8342
6610
2671
38
1458
8363
11143
6511
11566
6984
12611
3078
10375
9976
9843
10877
11651
5172
3230
1688
11898
4100
12043
4490
12092
269
10597
9237
1383
5535
10598
4585
1407
12292
11287
146
9315
4331
9196
8743
8901
12772
10771
12961
2142
7395
11878
10944
3404
5495
5899
11206
13080
3879
3423
12600
5287
3385
4600
9998
3960
13279
3530
50
6292
2934
5932
4234
8259
1958
4197
9520
12149
11420
376
12785
7320
7938
9844
9955
2949
1831
10989
5732
13210
3685
1942
3253
9429
8217
9753
4653
363
5111
6677
8454
8873
11879
8864
8203
583
11737
6957
1506
3647
11919
5230
2350
2152
484
5802
7178
4091
10154
32
644
12172
9939
3513
12114
8947
4228
8450
2419
3599
1028
12461
10438
8867
1991
4241
5098
4063
274
11418
1415
5616
9671
5327
3285
5452
1233
5686
3945
10633
7987
12972
4093
3287
2504
6260
2684
403
4697
4438
11241
5922
7323
9233
8139
11154
9317
12668
4464
4402
10434
5304
12552
5712
1356
5568
11022
8610
2500
462
11743
11725
3712
10021
3744
7984
13135
12037
433
2694
10608
6030
3869
481
0
6834
12984
5946
445
10641
3759
8492
11896
10031
2570
2960
792
6861
6711
4934
614
2155
4971
10529
5861
7986
7844
11090
4540
6269
6006
7262
5456
8904
6149
693
11282
1260
12571
9012
988
4578
9059
4658
7458
11437
12126
12913
8331
12159
4455
5343
827
11893
5908
7361
3998
10406
326
7595
5557
4224
4920
8113
10069
5399
2307
8707
11270
4061
333
5750
8540
765
11811
5029
1061
728
2726
10521
10852
3448
7616
3975
10939
11860
2514
10888
703
12705
12610
2159
5818
3520
3918
5768
10919
1995
10489
6908
5012
738
9299
1006
5302
8082
964
848
8858
5268
6845
574
1861
4019
2488
13272
3209
5061
7460
2096
7583
6329
9807
8458
4846
208
1058
8368
6476
11583
10870
11818
10886
2721
5882
12312
9200
13189
12688
5696
12599
3123
11974
8832
12475
12382
10932
11374
6039
2531
11573
8776
8945
393
13078
8355
63
3450
4881
971
13052
8836
8862
12806
10890
3684
4586
9246
11059
5309
12922
7992
6394
6035
1258
8723
12193
12315
12395
4159
332
547
6941
9213
7062
12831
5374
5487
527
11300
5777
11616
6782
4423
6219
10380
3847
598
7935
8907
4414
9552
3278
6177
13038
967
8158
5516
9103
12491
9973
2379
5587
8323
9432
5667
1893
12776
7237
2858
9376
4373
4787
9779
12163
12221
5308
1685
5832
6803
9651
4713
12428
6609
113
1178
2478
12145
5968
147
2373
10023
7420
3603
5071
4880
10286
7565
8453
2746
8053
4497
9070
1316
10141
8383
9272
10333
1341
5322
3619
4528
9594
2737
6050
6935
3320
11137
5492
10187
2115
10847
1709
4766
4286
5113
6542
3665
4566
7604
11704
224
782
8073
2260
2437
3964
13241
6268
8300
9819
924
12059
12352
10179
11172
4339
382
10758
473
3155
1362
11183
24
4683
3243
251
28
7434
8960
9877
1954
4160
3211
7648
10950
3963
725
9599
11477
3537
12127
6174
4595
10912
1143
12773
12721
11894
6216
6743
7814
3880
7632
2712
5652
2701
10354
7636
3407
9721
3542
3293
6395
719
7483
4183
3989
8650
5628
9825
4452
4816
6922
6536
7056
10959
4320
5196
8124
11739
3444
10729
4148
6408
6691
2372
3590
2194
10857
7135
7116
7996
2925
10274
5710
8820
7073
4481
13303
2578
1646
246
10940
10961
11403
4808
5825
11752
3479
12894
3632
905
6454
3798
1186
3769
4040
3295
7743
12556
12496
10304
7578
5926
6859
5617
716
5687
1594
5294
12342
6772
9540
2772
427
12077
10931
735
5502
5332
11319
11441